1, 1, 1, I111 1000, min 0.0
2, 0, 0, I200 1000, min 0.0
2, 2, 0, I220 1000, min 0.0
3, 1, 1, I311 1000, min 0.0
2, 2, 2, I222 1000, min 0.0
4, 0, 0, I400 1000, min 0.0
3, 3, 1, I331 1000, min 0.0
4, 2, 0, I420 1000, min 0.0
4, 2, 2, I422 1000, min 0.0
5, 1, 1, I511 1000, min 0.0
3, 3, 3, I333 1000, min 0.0
4, 4, 0, I440 1000, min 0.0
5, 3, 1, I531 1000, min 0.0
6, 0, 0, I600 1000, min 0.0
4, 4, 2, I442 1000, min 0.0
6, 2, 0, I620 1000, min 0.0
5, 3, 3, I533 1000, min 0.0
6, 2, 2, I622 1000, min 0.0
4, 4, 4, I444 1000, min 0.0
7, 1, 1, I711 1000, min 0.0
5, 5, 1, I551 1000, min 0.0
6, 4, 0, I640 1000, min 0.0
6, 4, 2, I642 1000, min 0.0
7, 3, 1, I731 1000, min 0.0
5, 5, 3, I553 1000, min 0.0
8, 0, 0, I800 1000, min 0.0
7, 3, 3, I733 1000, min 0.0
8, 2, 0, I820 1000, min 0.0
6, 4, 4, I644 1000, min 0.0
6, 6, 0, I660 1000, min 0.0
8, 2, 2, I822 1000, min 0.0
7, 5, 1, I751 1000, min 0.0
5, 5, 5, I555 1000, min 0.0
6, 6, 2, I662 1000, min 0.0
8, 4, 0, I840 1000, min 0.0
9, 1, 1, I911 1000, min 0.0
7, 5, 3, I753 1000, min 0.0
8, 4, 2, I842 1000, min 0.0
6, 6, 4, I664 1000, min 0.0
9, 3, 1, I931 1000, min 0.0
8, 4, 4, I844 1000, min 0.0
7, 7, 1, I771 1000, min 0.0
9, 3, 3, I933 1000, min 0.0
7, 5, 5, I755 1000, min 0.0
8, 6, 0, I860 1000, min 0.0
8, 6, 2, I862 1000, min 0.0
9, 5, 1, I951 1000, min 0.0
7, 7, 3, I773 1000, min 0.0
6, 6, 6, I666 1000, min 0.0
9, 5, 3, I953 1000, min 0.0
8, 6, 4, I864 1000, min 0.0
