9.005	112
9.01	135
9.015	138
9.02	112
9.025	134
9.03	113
9.035	102
9.04	131
9.045	139
9.05	123
9.055	120
9.06	99
9.065	117
9.07	117
9.075	128
9.08	131
9.085	110
9.09	107
9.095	136
9.1	110
9.105	104
9.11	117
9.115	133
9.12	115
9.125	141
9.13	123
9.135	138
9.14	108
9.145	113
9.15	119
9.155	137
9.16	121
9.165	117
9.17	136
9.175	126
9.18	121
9.185	150
9.19	128
9.195	140
9.2	130
9.205	141
9.21	127
9.215	111
9.22	129
9.225	140
9.23	121
9.235	123
9.24	124
9.245	149
9.25	143
9.255	127
9.26	122
9.265	139
9.27	131
9.275	132
9.28	163
9.285	131
9.29	139
9.295	116
9.3	132
9.305	131
9.31	120
9.315	120
9.32	106
9.325	135
9.33	135
9.335	118
9.34	127
9.345	141
9.35	126
9.355	138
9.36	112
9.365	142
9.37	128
9.375	122
9.38	135
9.385	109
9.39	140
9.395	132
9.4	135
9.405	125
9.41	100
9.415	127
9.42	111
9.425	137
9.43	136
9.435	119
9.44	109
9.445	95
9.45	156
9.455	99
9.46	131
9.465	116
9.47	131
9.475	119
9.48	129
9.485	121
9.49	111
9.495	142
9.5	138
9.505	120
9.51	120
9.515	122
9.52	109
9.525	139
9.53	120
9.535	138
9.54	151
9.545	109
9.55	129
9.555	132
9.56	147
9.565	109
9.57	130
9.575	133
9.58	127
9.585	146
9.59	147
9.595	128
9.6	144
9.605	136
9.61	143
9.615	131
9.62	116
9.625	130
9.63	137
9.635	125
9.64	115
9.645	138
9.65	131
9.655	132
9.66	118
9.665	137
9.67	104
9.675	149
9.68	122
9.685	137
9.69	134
9.695	128
9.7	144
9.705	140
9.71	136
9.715	152
9.72	154
9.725	117
9.73	142
9.735	132
9.74	147
9.745	136
9.75	119
9.755	122
9.76	143
9.765	150
9.77	139
9.775	139
9.78	140
9.785	126
9.79	139
9.795	141
9.8	135
9.805	138
9.81	121
9.815	132
9.82	141
9.825	148
9.83	135
9.835	134
9.84	144
9.845	146
9.85	143
9.855	163
9.86	150
9.865	128
9.87	141
9.875	150
9.88	121
9.885	132
9.89	161
9.895	129
9.9	135
9.905	122
9.91	134
9.915	140
9.92	154
9.925	139
9.93	132
9.935	129
9.94	131
9.945	145
9.95	150
9.955	149
9.96	141
9.965	154
9.97	124
9.975	151
9.98	147
9.985	148
9.99	142
9.995	160
10	146
10.005	140
10.01	144
10.015	151
10.02	135
10.025	139
10.03	134
10.035	136
10.04	141
10.045	158
10.05	164
10.055	129
10.06	133
10.065	138
10.07	137
10.075	145
10.08	155
10.085	146
10.09	135
10.095	155
10.1	180
10.105	160
10.11	159
10.115	161
10.12	154
10.125	151
10.13	144
10.135	180
10.14	151
10.145	134
10.15	190
10.155	172
10.16	185
10.165	155
10.17	148
10.175	174
10.18	182
10.185	148
10.19	192
10.195	169
10.2	164
10.205	183
10.21	191
10.215	191
10.22	172
10.225	162
10.23	174
10.235	173
10.24	202
10.245	200
10.25	175
10.255	183
10.26	200
10.265	208
10.27	186
10.275	202
10.28	212
10.285	211
10.29	190
10.295	227
10.3	233
10.305	223
10.31	209
10.315	227
10.32	238
10.325	252
10.33	235
10.335	252
10.34	247
10.345	271
10.35	312
10.355	269
10.36	280
10.365	314
10.37	321
10.375	287
10.38	335
10.385	311
10.39	355
10.395	361
10.4	348
10.405	389
10.41	410
10.415	438
10.42	427
10.425	429
10.43	484
10.435	502
10.44	551
10.445	552
10.45	587
10.455	674
10.46	685
10.465	744
10.47	789
10.475	879
10.48	920
10.485	1080
10.49	1173
10.495	1312
10.5	1445
10.505	1648
10.51	1849
10.515	2092
10.52	2207
10.525	2379
10.53	2635
10.535	2888
10.54	3266
10.545	3520
10.55	3642
10.555	3845
10.56	3887
10.565	4121
10.57	4116
10.575	4251
10.58	4214
10.585	4291
10.59	4121
10.595	3853
10.6	3753
10.605	3531
10.61	3333
10.615	3132
10.62	2825
10.625	2657
10.63	2421
10.635	2193
10.64	2066
10.645	1768
10.65	1581
10.655	1418
10.66	1219
10.665	1152
10.67	986
10.675	857
10.68	806
10.685	740
10.69	630
10.695	656
10.7	626
10.705	557
10.71	530
10.715	507
10.72	465
10.725	498
10.73	468
10.735	440
10.74	441
10.745	381
10.75	355
10.755	405
10.76	379
10.765	344
10.77	326
10.775	311
10.78	321
10.785	321
10.79	282
10.795	276
10.8	283
10.805	283
10.81	254
10.815	225
10.82	234
10.825	254
10.83	224
10.835	249
10.84	208
10.845	241
10.85	219
10.855	203
10.86	201
10.865	217
10.87	202
10.875	192
10.88	194
10.885	233
10.89	212
10.895	208
10.9	193
10.905	174
10.91	191
10.915	186
10.92	198
10.925	177
10.93	174
10.935	179
10.94	185
10.945	182
10.95	160
10.955	180
10.96	178
10.965	184
10.97	180
10.975	171
10.98	168
10.985	158
10.99	167
10.995	163
11	156
11.005	155
11.01	169
11.015	167
11.02	172
11.025	147
11.03	147
11.035	149
11.04	187
11.045	172
11.05	176
11.055	168
11.06	151
11.065	148
11.07	167
11.075	143
11.08	163
11.085	154
11.09	138
11.095	158
11.1	146
11.105	146
11.11	157
11.115	144
11.12	135
11.125	134
11.13	178
11.135	156
11.14	144
11.145	169
11.15	163
11.155	149
11.16	144
11.165	133
11.17	168
11.175	154
11.18	192
11.185	161
11.19	134
11.195	149
11.2	139
11.205	143
11.21	124
11.215	163
11.22	168
11.225	131
11.23	143
11.235	150
11.24	160
11.245	125
11.25	143
11.255	177
11.26	147
11.265	129
11.27	147
11.275	146
11.28	136
11.285	180
11.29	148
11.295	156
11.3	135
11.305	131
11.31	144
11.315	138
11.32	167
11.325	153
11.33	143
11.335	141
11.34	120
11.345	149
11.35	126
11.355	151
11.36	130
11.365	147
11.37	148
11.375	151
11.38	145
11.385	144
11.39	129
11.395	134
11.4	139
11.405	144
11.41	143
11.415	140
11.42	130
11.425	139
11.43	109
11.435	127
11.44	131
11.445	146
11.45	144
11.455	149
11.46	130
11.465	163
11.47	141
11.475	162
11.48	177
11.485	137
11.49	152
11.495	132
11.5	140
11.505	153
11.51	148
11.515	165
11.52	124
11.525	135
11.53	132
11.535	145
11.54	160
11.545	157
11.55	132
11.555	142
11.56	151
11.565	135
11.57	147
11.575	152
11.58	148
11.585	138
11.59	133
11.595	156
11.6	148
11.605	169
11.61	141
11.615	148
11.62	134
11.625	133
11.63	151
11.635	151
11.64	133
11.645	163
11.65	147
11.655	131
11.66	136
11.665	127
11.67	142
11.675	150
11.68	145
11.685	156
11.69	154
11.695	160
11.7	160
11.705	147
11.71	149
11.715	121
11.72	139
11.725	149
11.73	136
11.735	144
11.74	122
11.745	144
11.75	146
11.755	155
11.76	163
11.765	147
11.77	164
11.775	153
11.78	155
11.785	146
11.79	151
11.795	170
11.8	140
11.805	154
11.81	162
11.815	136
11.82	148
11.825	134
11.83	145
11.835	138
11.84	139
11.845	158
11.85	137
11.855	166
11.86	140
11.865	149
11.87	164
11.875	135
11.88	151
11.885	172
11.89	171
11.895	162
11.9	166
11.905	161
11.91	157
11.915	166
11.92	164
11.925	181
11.93	168
11.935	167
11.94	157
11.945	185
11.95	170
11.955	175
11.96	162
11.965	179
11.97	184
11.975	203
11.98	172
11.985	192
11.99	219
11.995	224
12	237
12.005	224
12.01	256
12.015	224
12.02	226
12.025	270
12.03	244
12.035	243
12.04	246
12.045	209
12.05	206
12.055	204
12.06	215
12.065	195
12.07	212
12.075	216
12.08	207
12.085	241
12.09	233
12.095	243
12.1	300
12.105	361
12.11	429
12.115	482
12.12	597
12.125	676
12.13	850
12.135	930
12.14	1109
12.145	1268
12.15	1429
12.155	1654
12.16	1867
12.165	2024
12.17	2175
12.175	2417
12.18	2533
12.185	2717
12.19	2931
12.195	3098
12.2	3220
12.205	3237
12.21	3422
12.215	3384
12.22	3484
12.225	3365
12.23	3413
12.235	3310
12.24	3070
12.245	3083
12.25	2966
12.255	2703
12.26	2523
12.265	2315
12.27	2155
12.275	1982
12.28	1768
12.285	1472
12.29	1365
12.295	1179
12.3	1040
12.305	779
12.31	729
12.315	588
12.32	512
12.325	468
12.33	376
12.335	331
12.34	271
12.345	249
12.35	233
12.355	180
12.36	199
12.365	211
12.37	217
12.375	207
12.38	236
12.385	214
12.39	208
12.395	236
12.4	217
12.405	231
12.41	237
12.415	218
12.42	229
12.425	228
12.43	208
12.435	190
12.44	247
12.445	213
12.45	204
12.455	191
12.46	195
12.465	205
12.47	189
12.475	172
12.48	200
12.485	215
12.49	179
12.495	177
12.5	195
12.505	171
12.51	167
12.515	131
12.52	178
12.525	156
12.53	139
12.535	181
12.54	163
12.545	178
12.55	185
12.555	179
12.56	163
12.565	159
12.57	164
12.575	166
12.58	145
12.585	164
12.59	139
12.595	157
12.6	146
12.605	161
12.61	152
12.615	168
12.62	145
12.625	134
12.63	169
12.635	165
12.64	148
12.645	162
12.65	165
12.655	170
12.66	165
12.665	169
12.67	166
12.675	128
12.68	144
12.685	148
12.69	143
12.695	143
12.7	138
12.705	159
12.71	139
12.715	159
12.72	122
12.725	136
12.73	159
12.735	174
12.74	155
12.745	132
12.75	167
12.755	132
12.76	142
12.765	138
12.77	128
12.775	133
12.78	144
12.785	140
12.79	131
12.795	130
12.8	131
12.805	157
12.81	154
12.815	153
12.82	162
12.825	120
12.83	144
12.835	162
12.84	159
12.845	153
12.85	148
12.855	163
12.86	128
12.865	147
12.87	148
12.875	152
12.88	148
12.885	137
12.89	145
12.895	145
12.9	132
12.905	113
12.91	139
12.915	140
12.92	122
12.925	127
12.93	145
12.935	146
12.94	126
12.945	125
12.95	125
12.955	148
12.96	130
12.965	133
12.97	136
12.975	149
12.98	122
12.985	141
12.99	144
12.995	161
13	134
13.005	129
13.01	111
13.015	134
13.02	126
13.025	129
13.03	139
13.035	150
13.04	122
13.045	121
13.05	152
13.055	125
13.06	157
13.065	159
13.07	147
13.075	134
13.08	146
13.085	143
13.09	134
13.095	140
13.1	143
13.105	123
13.11	145
13.115	141
13.12	133
13.125	153
13.13	144
13.135	131
13.14	128
13.145	144
13.15	128
13.155	136
13.16	125
13.165	142
13.17	133
13.175	133
13.18	128
13.185	144
13.19	139
13.195	157
13.2	135
13.205	108
13.21	126
13.215	133
13.22	146
13.225	152
13.23	136
13.235	145
13.24	135
13.245	101
13.25	145
13.255	136
13.26	129
13.265	130
13.27	139
13.275	114
13.28	122
13.285	141
13.29	129
13.295	143
13.3	153
13.305	157
13.31	142
13.315	145
13.32	136
13.325	157
13.33	137
13.335	133
13.34	143
13.345	118
13.35	118
13.355	140
13.36	129
13.365	118
13.37	131
13.375	124
13.38	114
13.385	145
13.39	144
13.395	123
13.4	153
13.405	123
13.41	137
13.415	134
13.42	179
13.425	125
13.43	148
13.435	142
13.44	138
13.445	127
13.45	131
13.455	130
13.46	148
13.465	125
13.47	130
13.475	142
13.48	139
13.485	123
13.49	159
13.495	138
13.5	138
13.505	132
13.51	128
13.515	134
13.52	141
13.525	129
13.53	144
13.535	173
13.54	141
13.545	121
13.55	153
13.555	132
13.56	122
13.565	151
13.57	140
13.575	117
13.58	130
13.585	144
13.59	132
13.595	133
13.6	144
13.605	140
13.61	133
13.615	148
13.62	126
13.625	130
13.63	124
13.635	134
13.64	138
13.645	116
13.65	134
13.655	134
13.66	153
13.665	156
13.67	137
13.675	121
13.68	147
13.685	119
13.69	151
13.695	118
13.7	138
13.705	132
13.71	138
13.715	142
13.72	148
13.725	144
13.73	126
13.735	149
13.74	141
13.745	135
13.75	115
13.755	135
13.76	122
13.765	134
13.77	140
13.775	113
13.78	127
13.785	136
13.79	124
13.795	154
13.8	133
13.805	134
13.81	129
13.815	151
13.82	148
13.825	120
13.83	143
13.835	127
13.84	111
13.845	132
13.85	138
13.855	132
13.86	133
13.865	153
13.87	137
13.875	153
13.88	129
13.885	137
13.89	152
13.895	152
13.9	120
13.905	114
13.91	145
13.915	158
13.92	143
13.925	140
13.93	138
13.935	121
13.94	150
13.945	138
13.95	148
13.955	151
13.96	149
13.965	127
13.97	130
13.975	138
13.98	136
13.985	130
13.99	146
13.995	141
14	128
14.005	147
14.01	151
14.015	144
14.02	126
14.025	146
14.03	123
14.035	146
14.04	136
14.045	125
14.05	140
14.055	143
14.06	140
14.065	140
14.07	146
14.075	147
14.08	145
14.085	134
14.09	136
14.095	130
14.1	130
14.105	124
14.11	143
14.115	141
14.12	118
14.125	132
14.13	148
14.135	152
14.14	151
14.145	139
14.15	143
14.155	124
14.16	134
14.165	134
14.17	123
14.175	135
14.18	147
14.185	147
14.19	132
14.195	140
14.2	117
14.205	133
14.21	149
14.215	132
14.22	145
14.225	129
14.23	124
14.235	144
14.24	144
14.245	154
14.25	131
14.255	147
14.26	148
14.265	133
14.27	140
14.275	143
14.28	134
14.285	158
14.29	137
14.295	129
14.3	140
14.305	125
14.31	125
14.315	141
14.32	139
14.325	146
14.33	131
14.335	130
14.34	147
14.345	137
14.35	126
14.355	139
14.36	122
14.365	139
14.37	149
14.375	145
14.38	130
14.385	128
14.39	129
14.395	120
14.4	149
14.405	130
14.41	145
14.415	147
14.42	128
14.425	122
14.43	140
14.435	125
14.44	142
14.445	132
14.45	130
14.455	150
14.46	149
14.465	148
14.47	124
14.475	132
14.48	146
14.485	129
14.49	130
14.495	139
14.5	137
14.505	109
14.51	113
14.515	137
14.52	142
14.525	146
14.53	131
14.535	143
14.54	135
14.545	142
14.55	143
14.555	138
14.56	146
14.565	132
14.57	135
14.575	142
14.58	153
14.585	138
14.59	131
14.595	133
14.6	126
14.605	130
14.61	114
14.615	147
14.62	143
14.625	130
14.63	102
14.635	132
14.64	115
14.645	138
14.65	145
14.655	142
14.66	141
14.665	152
14.67	120
14.675	125
14.68	151
14.685	140
14.69	143
14.695	138
14.7	161
14.705	122
14.71	135
14.715	127
14.72	149
14.725	149
14.73	134
14.735	134
14.74	126
14.745	140
14.75	134
14.755	120
14.76	125
14.765	118
14.77	142
14.775	135
14.78	139
14.785	127
14.79	140
14.795	131
14.8	142
14.805	141
14.81	154
14.815	147
14.82	143
14.825	138
14.83	139
14.835	141
14.84	150
14.845	144
14.85	126
14.855	130
14.86	144
14.865	125
14.87	147
14.875	127
14.88	139
14.885	123
14.89	125
14.895	147
14.9	116
14.905	156
14.91	140
14.915	138
14.92	134
14.925	133
14.93	142
14.935	144
14.94	144
14.945	150
14.95	126
14.955	124
14.96	151
14.965	125
14.97	163
14.975	152
14.98	127
14.985	163
14.99	129
14.995	144
15	142
15.005	153
15.01	121
15.015	154
15.02	141
15.025	158
15.03	139
15.035	136
15.04	129
15.045	142
15.05	151
15.055	145
15.06	139
15.065	149
15.07	145
15.075	142
15.08	144
15.085	144
15.09	146
15.095	146
15.1	139
15.105	145
15.11	140
15.115	122
15.12	155
15.125	150
15.13	138
15.135	128
15.14	134
15.145	152
15.15	164
15.155	147
15.16	127
15.165	131
15.17	126
15.175	122
15.18	143
15.185	138
15.19	137
15.195	138
15.2	163
15.205	149
15.21	145
15.215	147
15.22	138
15.225	124
15.23	128
15.235	144
15.24	140
15.245	132
15.25	145
15.255	139
15.26	129
15.265	136
15.27	146
15.275	146
15.28	121
15.285	127
15.29	141
15.295	144
15.3	136
15.305	144
15.31	126
15.315	128
15.32	137
15.325	153
15.33	137
15.335	137
15.34	165
15.345	149
15.35	132
15.355	149
15.36	138
15.365	140
15.37	142
15.375	132
15.38	131
15.385	125
15.39	152
15.395	141
15.4	129
15.405	160
15.41	132
15.415	153
15.42	148
15.425	133
15.43	126
15.435	145
15.44	134
15.445	136
15.45	145
15.455	132
15.46	135
15.465	143
15.47	137
15.475	139
15.48	155
15.485	125
15.49	153
15.495	130
15.5	145
15.505	173
15.51	118
15.515	145
15.52	140
15.525	121
15.53	149
15.535	151
15.54	147
15.545	149
15.55	145
15.555	127
15.56	138
15.565	137
15.57	164
15.575	155
15.58	125
15.585	150
15.59	141
15.595	137
15.6	130
15.605	146
15.61	146
15.615	131
15.62	141
15.625	146
15.63	145
15.635	141
15.64	121
15.645	145
15.65	155
15.655	147
15.66	134
15.665	154
15.67	131
15.675	142
15.68	154
15.685	140
15.69	133
15.695	147
15.7	150
15.705	147
15.71	147
15.715	134
15.72	143
15.725	174
15.73	116
15.735	123
15.74	122
15.745	135
15.75	136
15.755	142
15.76	180
15.765	145
15.77	140
15.775	151
15.78	147
15.785	150
15.79	132
15.795	132
15.8	151
15.805	134
15.81	163
15.815	142
15.82	115
15.825	143
15.83	133
15.835	133
15.84	139
15.845	144
15.85	133
15.855	131
15.86	137
15.865	134
15.87	156
15.875	146
15.88	137
15.885	146
15.89	139
15.895	154
15.9	147
15.905	155
15.91	131
15.915	145
15.92	156
15.925	144
15.93	133
15.935	127
15.94	155
15.945	117
15.95	166
15.955	154
15.96	139
15.965	139
15.97	149
15.975	147
15.98	125
15.985	129
15.99	154
15.995	114
16	148
16.005	141
16.01	139
16.015	130
16.02	113
16.025	145
16.03	132
16.035	142
16.04	128
16.045	170
16.05	165
16.055	139
16.06	134
16.065	165
16.07	170
16.075	143
16.08	152
16.085	143
16.09	134
16.095	156
16.1	149
16.105	139
16.11	139
16.115	155
16.12	118
16.125	159
16.13	174
16.135	149
16.14	116
16.145	137
16.15	151
16.155	132
16.16	157
16.165	137
16.17	153
16.175	152
16.18	147
16.185	138
16.19	154
16.195	135
16.2	156
16.205	154
16.21	145
16.215	139
16.22	131
16.225	141
16.23	131
16.235	143
16.24	130
16.245	143
16.25	131
16.255	153
16.26	129
16.265	132
16.27	139
16.275	146
16.28	134
16.285	155
16.29	145
16.295	153
16.3	145
16.305	142
16.31	151
16.315	144
16.32	149
16.325	147
16.33	132
16.335	132
16.34	144
16.345	134
16.35	114
16.355	148
16.36	141
16.365	151
16.37	156
16.375	156
16.38	138
16.385	145
16.39	142
16.395	136
16.4	127
16.405	150
16.41	159
16.415	142
16.42	144
16.425	135
16.43	131
16.435	159
16.44	154
16.445	147
16.45	169
16.455	151
16.46	136
16.465	140
16.47	168
16.475	126
16.48	156
16.485	150
16.49	132
16.495	135
16.5	146
16.505	131
16.51	150
16.515	168
16.52	144
16.525	142
16.53	155
16.535	146
16.54	166
16.545	133
16.55	149
16.555	149
16.56	133
16.565	147
16.57	150
16.575	163
16.58	161
16.585	135
16.59	152
16.595	159
16.6	127
16.605	146
16.61	148
16.615	150
16.62	146
16.625	143
16.63	160
16.635	151
16.64	125
16.645	177
16.65	131
16.655	134
16.66	130
16.665	158
16.67	145
16.675	147
16.68	165
16.685	139
16.69	156
16.695	150
16.7	126
16.705	130
16.71	132
16.715	155
16.72	174
16.725	149
16.73	149
16.735	132
16.74	147
16.745	136
16.75	154
16.755	146
16.76	147
16.765	137
16.77	151
16.775	141
16.78	145
16.785	145
16.79	136
16.795	158
16.8	148
16.805	133
16.81	146
16.815	139
16.82	148
16.825	121
16.83	143
16.835	150
16.84	149
16.845	151
16.85	159
16.855	147
16.86	173
16.865	147
16.87	135
16.875	173
16.88	154
16.885	141
16.89	154
16.895	160
16.9	142
16.905	167
16.91	152
16.915	174
16.92	163
16.925	165
16.93	134
16.935	167
16.94	152
16.945	167
16.95	168
16.955	154
16.96	177
16.965	154
16.97	141
16.975	192
16.98	186
16.985	189
16.99	192
16.995	144
17	164
17.005	178
17.01	166
17.015	164
17.02	162
17.025	204
17.03	155
17.035	170
17.04	176
17.045	165
17.05	156
17.055	183
17.06	168
17.065	179
17.07	173
17.075	177
17.08	178
17.085	175
17.09	179
17.095	185
17.1	188
17.105	185
17.11	190
17.115	195
17.12	224
17.125	206
17.13	224
17.135	240
17.14	225
17.145	223
17.15	237
17.155	234
17.16	207
17.165	229
17.17	254
17.175	268
17.18	275
17.185	280
17.19	274
17.195	294
17.2	309
17.205	335
17.21	330
17.215	362
17.22	396
17.225	463
17.23	549
17.235	607
17.24	631
17.245	759
17.25	740
17.255	929
17.26	997
17.265	1079
17.27	1166
17.275	1257
17.28	1360
17.285	1412
17.29	1534
17.295	1576
17.3	1644
17.305	1655
17.31	1660
17.315	1618
17.32	1636
17.325	1564
17.33	1566
17.335	1457
17.34	1428
17.345	1404
17.35	1291
17.355	1174
17.36	1064
17.365	945
17.37	919
17.375	827
17.38	751
17.385	676
17.39	583
17.395	518
17.4	458
17.405	432
17.41	400
17.415	373
17.42	333
17.425	337
17.43	278
17.435	288
17.44	244
17.445	279
17.45	267
17.455	251
17.46	256
17.465	268
17.47	217
17.475	217
17.48	230
17.485	244
17.49	218
17.495	219
17.5	232
17.505	199
17.51	193
17.515	197
17.52	209
17.525	210
17.53	198
17.535	198
17.54	185
17.545	217
17.55	186
17.555	169
17.56	177
17.565	167
17.57	193
17.575	181
17.58	181
17.585	164
17.59	183
17.595	171
17.6	154
17.605	163
17.61	161
17.615	180
17.62	155
17.625	142
17.63	142
17.635	161
17.64	160
17.645	151
17.65	157
17.655	168
17.66	179
17.665	150
17.67	169
17.675	161
17.68	160
17.685	186
17.69	173
17.695	172
17.7	172
17.705	166
17.71	140
17.715	154
17.72	165
17.725	155
17.73	168
17.735	158
17.74	159
17.745	153
17.75	165
17.755	143
17.76	146
17.765	147
17.77	153
17.775	154
17.78	148
17.785	137
17.79	161
17.795	126
17.8	165
17.805	138
17.81	166
17.815	141
17.82	180
17.825	149
17.83	163
17.835	161
17.84	143
17.845	170
17.85	179
17.855	142
17.86	157
17.865	152
17.87	142
17.875	130
17.88	148
17.885	143
17.89	160
17.895	152
17.9	134
17.905	139
17.91	132
17.915	151
17.92	143
17.925	131
17.93	140
17.935	146
17.94	142
17.945	156
17.95	147
17.955	153
17.96	127
17.965	159
17.97	148
17.975	146
17.98	146
17.985	142
17.99	140
17.995	145
18	174
18.005	179
18.01	147
18.015	160
18.02	165
18.025	160
18.03	145
18.035	142
18.04	153
18.045	157
18.05	138
18.055	167
18.06	145
18.065	130
18.07	158
18.075	144
18.08	144
18.085	142
18.09	144
18.095	170
18.1	172
18.105	127
18.11	136
18.115	152
18.12	182
18.125	128
18.13	155
18.135	159
18.14	133
18.145	139
18.15	141
18.155	148
18.16	146
18.165	147
18.17	132
18.175	150
18.18	130
18.185	145
18.19	142
18.195	140
18.2	155
18.205	134
18.21	170
18.215	141
18.22	156
18.225	132
18.23	160
18.235	154
18.24	156
18.245	128
18.25	135
18.255	163
18.26	153
18.265	159
18.27	161
18.275	144
18.28	138
18.285	143
18.29	156
18.295	158
18.3	135
18.305	167
18.31	146
18.315	149
18.32	145
18.325	159
18.33	147
18.335	139
18.34	153
18.345	155
18.35	152
18.355	149
18.36	164
18.365	153
18.37	148
18.375	153
18.38	140
18.385	160
18.39	152
18.395	142
18.4	127
18.405	148
18.41	163
18.415	148
18.42	164
18.425	149
18.43	146
18.435	174
18.44	148
18.445	156
18.45	175
18.455	156
18.46	160
18.465	123
18.47	143
18.475	137
18.48	166
18.485	143
18.49	160
18.495	148
18.5	154
18.505	148
18.51	138
18.515	139
18.52	152
18.525	122
18.53	142
18.535	154
18.54	155
18.545	147
18.55	161
18.555	155
18.56	139
18.565	155
18.57	161
18.575	172
18.58	145
18.585	155
18.59	149
18.595	158
18.6	147
18.605	144
18.61	154
18.615	140
18.62	158
18.625	161
18.63	147
18.635	128
18.64	135
18.645	160
18.65	137
18.655	143
18.66	146
18.665	144
18.67	143
18.675	152
18.68	137
18.685	153
18.69	147
18.695	152
18.7	158
18.705	167
18.71	167
18.715	161
18.72	143
18.725	150
18.73	140
18.735	151
18.74	149
18.745	155
18.75	157
18.755	149
18.76	145
18.765	162
18.77	151
18.775	138
18.78	171
18.785	147
18.79	140
18.795	150
18.8	157
18.805	160
18.81	158
18.815	167
18.82	172
18.825	163
18.83	161
18.835	131
18.84	152
18.845	142
18.85	151
18.855	147
18.86	132
18.865	151
18.87	159
18.875	166
18.88	154
18.885	155
18.89	139
18.895	155
18.9	156
18.905	139
18.91	170
18.915	136
18.92	172
18.925	146
18.93	136
18.935	139
18.94	179
18.945	149
18.95	142
18.955	135
18.96	144
18.965	139
18.97	155
18.975	153
18.98	141
18.985	152
18.99	162
18.995	156
19	150
19.005	163
19.01	153
19.015	176
19.02	159
19.025	153
19.03	155
19.035	162
19.04	161
19.045	140
19.05	150
19.055	154
19.06	162
19.065	156
19.07	141
19.075	150
19.08	149
19.085	150
19.09	151
19.095	164
19.1	141
19.105	166
19.11	156
19.115	138
19.12	156
19.125	128
19.13	131
19.135	139
19.14	165
19.145	146
19.15	145
19.155	144
19.16	131
19.165	137
19.17	161
19.175	155
19.18	139
19.185	147
19.19	151
19.195	137
19.2	156
19.205	165
19.21	118
19.215	142
19.22	148
19.225	179
19.23	143
19.235	133
19.24	159
19.245	171
19.25	141
19.255	164
19.26	163
19.265	152
19.27	163
19.275	151
19.28	160
19.285	147
19.29	126
19.295	161
19.3	152
19.305	172
19.31	148
19.315	155
19.32	163
19.325	131
19.33	148
19.335	146
19.34	146
19.345	131
19.35	137
19.355	143
19.36	154
19.365	135
19.37	167
19.375	147
19.38	159
19.385	152
19.39	131
19.395	165
19.4	174
19.405	138
19.41	128
19.415	132
19.42	147
19.425	140
19.43	153
19.435	148
19.44	152
19.445	138
19.45	138
19.455	129
19.46	138
19.465	134
19.47	182
19.475	159
19.48	152
19.485	174
19.49	134
19.495	146
19.5	160
19.505	148
19.51	126
19.515	149
19.52	161
19.525	143
19.53	178
19.535	147
19.54	147
19.545	132
19.55	148
19.555	173
19.56	165
19.565	170
19.57	144
19.575	170
19.58	158
19.585	165
19.59	144
19.595	141
19.6	140
19.605	167
19.61	141
19.615	165
19.62	149
19.625	151
19.63	140
19.635	149
19.64	156
19.645	142
19.65	141
19.655	130
19.66	144
19.665	140
19.67	163
19.675	134
19.68	149
19.685	144
19.69	154
19.695	140
19.7	159
19.705	149
19.71	145
19.715	174
19.72	154
19.725	153
19.73	137
19.735	139
19.74	139
19.745	131
19.75	171
19.755	160
19.76	154
19.765	165
19.77	161
19.775	159
19.78	147
19.785	160
19.79	174
19.795	158
19.8	169
19.805	153
19.81	152
19.815	154
19.82	143
19.825	135
19.83	142
19.835	156
19.84	160
19.845	157
19.85	136
19.855	153
19.86	158
19.865	157
19.87	144
19.875	164
19.88	135
19.885	164
19.89	155
19.895	135
19.9	168
19.905	137
19.91	158
19.915	156
19.92	176
19.925	162
19.93	143
19.935	182
19.94	168
19.945	162
19.95	185
19.955	159
19.96	145
19.965	136
19.97	180
19.975	140
19.98	165
19.985	163
19.99	174
19.995	158
20	165
20.005	176
20.01	160
20.015	159
20.02	175
20.025	176
20.03	181
20.035	182
20.04	181
20.045	154
20.05	178
20.055	188
20.06	153
20.065	173
20.07	183
20.075	172
20.08	212
20.085	177
20.09	192
20.095	176
20.1	177
20.105	161
20.11	167
20.115	169
20.12	204
20.125	181
20.13	201
20.135	207
20.14	180
20.145	199
20.15	219
20.155	224
20.16	196
20.165	201
20.17	191
20.175	179
20.18	198
20.185	226
20.19	212
20.195	225
20.2	216
20.205	227
20.21	246
20.215	243
20.22	290
20.225	282
20.23	316
20.235	310
20.24	408
20.245	448
20.25	469
20.255	491
20.26	576
20.265	606
20.27	682
20.275	709
20.28	782
20.285	794
20.29	902
20.295	931
20.3	984
20.305	1022
20.31	1058
20.315	1129
20.32	1100
20.325	1092
20.33	1184
20.335	1157
20.34	1129
20.345	1154
20.35	1083
20.355	1055
20.36	1007
20.365	1021
20.37	941
20.375	840
20.38	812
20.385	738
20.39	654
20.395	589
20.4	553
20.405	517
20.41	479
20.415	448
20.42	428
20.425	343
20.43	324
20.435	283
20.44	298
20.445	251
20.45	256
20.455	241
20.46	230
20.465	218
20.47	204
20.475	237
20.48	232
20.485	205
20.49	200
20.495	209
20.5	190
20.505	215
20.51	178
20.515	198
20.52	212
20.525	187
20.53	191
20.535	195
20.54	206
20.545	217
20.55	225
20.555	182
20.56	160
20.565	191
20.57	175
20.575	199
20.58	181
20.585	175
20.59	167
20.595	149
20.6	181
20.605	159
20.61	148
20.615	172
20.62	175
20.625	167
20.63	205
20.635	152
20.64	181
20.645	156
20.65	172
20.655	169
20.66	189
20.665	155
20.67	171
20.675	148
20.68	183
20.685	163
20.69	156
20.695	152
20.7	158
20.705	184
20.71	185
20.715	149
20.72	167
20.725	175
20.73	182
20.735	168
20.74	181
20.745	161
20.75	182
20.755	165
20.76	149
20.765	156
20.77	159
20.775	195
20.78	152
20.785	147
20.79	172
20.795	184
20.8	157
20.805	171
20.81	165
20.815	176
20.82	136
20.825	175
20.83	167
20.835	172
20.84	164
20.845	129
20.85	172
20.855	152
20.86	169
20.865	169
20.87	176
20.875	171
20.88	167
20.885	162
20.89	166
20.895	173
20.9	162
20.905	161
20.91	177
20.915	176
20.92	149
20.925	173
20.93	162
20.935	188
20.94	150
20.945	184
20.95	178
20.955	162
20.96	176
20.965	187
20.97	207
20.975	154
20.98	201
20.985	167
20.99	169
20.995	177
21	180
21.005	197
21.01	194
21.015	195
21.02	172
21.025	190
21.03	163
21.035	170
21.04	175
21.045	223
21.05	209
21.055	185
21.06	178
21.065	192
21.07	192
21.075	240
21.08	215
21.085	214
21.09	209
21.095	251
21.1	235
21.105	223
21.11	268
21.115	254
21.12	236
21.125	262
21.13	264
21.135	306
21.14	333
21.145	340
21.15	325
21.155	382
21.16	417
21.165	445
21.17	455
21.175	506
21.18	565
21.185	600
21.19	620
21.195	697
21.2	730
21.205	779
21.21	802
21.215	904
21.22	958
21.225	938
21.23	968
21.235	990
21.24	1054
21.245	1074
21.25	964
21.255	1011
21.26	1024
21.265	924
21.27	965
21.275	898
21.28	898
21.285	774
21.29	739
21.295	655
21.3	610
21.305	598
21.31	529
21.315	501
21.32	483
21.325	420
21.33	381
21.335	395
21.34	320
21.345	315
21.35	286
21.355	306
21.36	275
21.365	268
21.37	241
21.375	248
21.38	247
21.385	234
21.39	221
21.395	237
21.4	226
21.405	197
21.41	221
21.415	214
21.42	204
21.425	200
21.43	194
21.435	169
21.44	197
21.445	215
21.45	163
21.455	171
21.46	184
21.465	191
21.47	202
21.475	176
21.48	156
21.485	167
21.49	190
21.495	194
21.5	177
21.505	186
21.51	178
21.515	161
21.52	189
21.525	179
21.53	189
21.535	174
21.54	170
21.545	164
21.55	173
21.555	170
21.56	195
21.565	164
21.57	170
21.575	165
21.58	169
21.585	175
21.59	172
21.595	153
21.6	166
21.605	169
21.61	182
21.615	157
21.62	147
21.625	177
21.63	158
21.635	150
21.64	152
21.645	150
21.65	160
21.655	165
21.66	169
21.665	175
21.67	175
21.675	140
21.68	169
21.685	159
21.69	152
21.695	163
21.7	148
21.705	167
21.71	162
21.715	156
21.72	163
21.725	142
21.73	164
21.735	144
21.74	160
21.745	149
21.75	153
21.755	183
21.76	153
21.765	136
21.77	171
21.775	154
21.78	161
21.785	146
21.79	192
21.795	153
21.8	172
21.805	164
21.81	164
21.815	166
21.82	163
21.825	187
21.83	143
21.835	152
21.84	137
21.845	173
21.85	156
21.855	147
21.86	157
21.865	163
21.87	145
21.875	148
21.88	145
21.885	160
21.89	150
21.895	170
21.9	157
21.905	155
21.91	150
21.915	157
21.92	162
21.925	165
21.93	159
21.935	165
21.94	124
21.945	166
21.95	154
21.955	153
21.96	177
21.965	171
21.97	183
21.975	146
21.98	154
21.985	145
21.99	167
21.995	178
22	149
22.005	157
22.01	156
22.015	140
22.02	164
22.025	139
22.03	145
22.035	157
22.04	135
22.045	149
22.05	158
22.055	166
22.06	134
22.065	156
22.07	141
22.075	151
22.08	139
22.085	160
22.09	142
22.095	144
22.1	159
22.105	153
22.11	149
22.115	145
22.12	150
22.125	171
22.13	167
22.135	141
22.14	159
22.145	166
22.15	159
22.155	156
22.16	157
22.165	155
22.17	135
22.175	163
22.18	156
22.185	182
22.19	173
22.195	150
22.2	153
22.205	150
22.21	164
22.215	143
22.22	165
22.225	170
22.23	153
22.235	176
22.24	153
22.245	183
22.25	159
22.255	167
22.26	166
22.265	143
22.27	181
22.275	148
22.28	146
22.285	160
22.29	173
22.295	156
22.3	162
22.305	161
22.31	121
22.315	144
22.32	148
22.325	150
22.33	146
22.335	130
22.34	155
22.345	154
22.35	164
22.355	136
22.36	135
22.365	154
22.37	142
22.375	146
22.38	146
22.385	148
22.39	143
22.395	175
22.4	183
22.405	159
22.41	146
22.415	152
22.42	147
22.425	178
22.43	146
22.435	145
22.44	181
22.445	159
22.45	130
22.455	144
22.46	154
22.465	143
22.47	146
22.475	140
22.48	153
22.485	161
22.49	138
22.495	170
22.5	144
22.505	151
22.51	172
22.515	174
22.52	145
22.525	163
22.53	160
22.535	156
22.54	176
22.545	164
22.55	152
22.555	150
22.56	179
22.565	142
22.57	152
22.575	142
22.58	154
22.585	189
22.59	142
22.595	133
22.6	135
22.605	149
22.61	136
22.615	142
22.62	168
22.625	173
22.63	142
22.635	145
22.64	159
22.645	144
22.65	154
22.655	160
22.66	161
22.665	152
22.67	137
22.675	150
22.68	162
22.685	147
22.69	161
22.695	144
22.7	146
22.705	147
22.71	156
22.715	142
22.72	143
22.725	176
22.73	154
22.735	191
22.74	149
22.745	131
22.75	149
22.755	165
22.76	161
22.765	167
22.77	167
22.775	140
22.78	119
22.785	153
22.79	164
22.795	164
22.8	148
22.805	143
22.81	138
22.815	158
22.82	136
22.825	173
22.83	157
22.835	153
22.84	170
22.845	179
22.85	139
22.855	153
22.86	156
22.865	176
22.87	165
22.875	160
22.88	169
22.885	140
22.89	176
22.895	156
22.9	169
22.905	161
22.91	144
22.915	164
22.92	157
22.925	155
22.93	140
22.935	144
22.94	155
22.945	157
22.95	156
22.955	163
22.96	159
22.965	158
22.97	153
22.975	149
22.98	138
22.985	160
22.99	160
22.995	160
23	145
23.005	156
23.01	162
23.015	139
23.02	150
23.025	169
23.03	156
23.035	149
23.04	165
23.045	151
23.05	152
23.055	142
23.06	147
23.065	165
23.07	169
23.075	152
23.08	159
23.085	143
23.09	152
23.095	138
23.1	156
23.105	155
23.11	163
23.115	153
23.12	149
23.125	176
23.13	133
23.135	150
23.14	176
23.145	138
23.15	155
23.155	125
23.16	143
23.165	162
23.17	139
23.175	169
23.18	171
23.185	174
23.19	145
23.195	154
23.2	148
23.205	164
23.21	166
23.215	151
23.22	163
23.225	147
23.23	135
23.235	175
23.24	153
23.245	149
23.25	129
23.255	158
23.26	154
23.265	145
23.27	156
23.275	159
23.28	150
23.285	156
23.29	153
23.295	164
23.3	153
23.305	158
23.31	145
23.315	148
23.32	143
23.325	167
23.33	152
23.335	171
23.34	153
23.345	157
23.35	151
23.355	177
23.36	179
23.365	147
23.37	150
23.375	151
23.38	155
23.385	130
23.39	167
23.395	164
23.4	144
23.405	156
23.41	153
23.415	124
23.42	164
23.425	175
23.43	146
23.435	164
23.44	159
23.445	142
23.45	168
23.455	169
23.46	146
23.465	159
23.47	156
23.475	172
23.48	147
23.485	151
23.49	144
23.495	158
23.5	165
23.505	150
23.51	151
23.515	167
23.52	159
23.525	168
23.53	177
23.535	167
23.54	169
23.545	171
23.55	164
23.555	138
23.56	147
23.565	164
23.57	172
23.575	147
23.58	132
23.585	144
23.59	153
23.595	150
23.6	166
23.605	167
23.61	147
23.615	165
23.62	131
23.625	155
23.63	170
23.635	178
23.64	153
23.645	161
23.65	174
23.655	143
23.66	158
23.665	165
23.67	145
23.675	138
23.68	151
23.685	131
23.69	149
23.695	168
23.7	150
23.705	169
23.71	172
23.715	157
23.72	158
23.725	135
23.73	161
23.735	165
23.74	157
23.745	159
23.75	166
23.755	167
23.76	140
23.765	173
23.77	170
23.775	161
23.78	157
23.785	143
23.79	162
23.795	159
23.8	145
23.805	142
23.81	153
23.815	164
23.82	171
23.825	149
23.83	157
23.835	147
23.84	152
23.845	147
23.85	170
23.855	156
23.86	169
23.865	162
23.87	140
23.875	163
23.88	165
23.885	166
23.89	148
23.895	138
23.9	148
23.905	161
23.91	159
23.915	157
23.92	138
23.925	157
23.93	147
23.935	166
23.94	147
23.945	150
23.95	165
23.955	160
23.96	171
23.965	136
23.97	172
23.975	141
23.98	133
23.985	154
23.99	168
23.995	154
24	150
24.005	162
24.01	159
24.015	152
24.02	136
24.025	194
24.03	180
24.035	170
24.04	183
24.045	157
24.05	166
24.055	138
24.06	168
24.065	150
24.07	137
24.075	159
24.08	177
24.085	148
24.09	147
24.095	156
24.1	175
24.105	171
24.11	155
24.115	129
24.12	163
24.125	148
24.13	172
24.135	165
24.14	163
24.145	150
24.15	176
24.155	173
24.16	164
24.165	167
24.17	147
24.175	170
24.18	173
24.185	160
24.19	145
24.195	154
24.2	179
24.205	154
24.21	180
24.215	177
24.22	135
24.225	161
24.23	163
24.235	178
24.24	158
24.245	154
24.25	168
24.255	152
24.26	172
24.265	142
24.27	172
24.275	158
24.28	151
24.285	157
24.29	168
24.295	165
24.3	158
24.305	177
24.31	166
24.315	158
24.32	163
24.325	169
24.33	171
24.335	165
24.34	166
24.345	155
24.35	152
24.355	173
24.36	207
24.365	189
24.37	172
24.375	168
24.38	165
24.385	187
24.39	179
24.395	193
24.4	151
24.405	171
24.41	193
24.415	165
24.42	177
24.425	172
24.43	166
24.435	148
24.44	164
24.445	151
24.45	188
24.455	188
24.46	210
24.465	221
24.47	223
24.475	213
24.48	269
24.485	244
24.49	284
24.495	337
24.5	357
24.505	367
24.51	427
24.515	487
24.52	493
24.525	542
24.53	580
24.535	600
24.54	689
24.545	639
24.55	684
24.555	720
24.56	750
24.565	728
24.57	775
24.575	812
24.58	794
24.585	750
24.59	794
24.595	765
24.6	753
24.605	677
24.61	676
24.615	673
24.62	580
24.625	603
24.63	553
24.635	531
24.64	461
24.645	390
24.65	419
24.655	350
24.66	328
24.665	317
24.67	277
24.675	263
24.68	246
24.685	224
24.69	221
24.695	204
24.7	211
24.705	175
24.71	196
24.715	206
24.72	155
24.725	159
24.73	167
24.735	155
24.74	145
24.745	166
24.75	180
24.755	164
24.76	179
24.765	169
24.77	189
24.775	202
24.78	166
24.785	176
24.79	171
24.795	168
24.8	173
24.805	189
24.81	173
24.815	172
24.82	171
24.825	170
24.83	171
24.835	169
24.84	164
24.845	161
24.85	152
24.855	162
24.86	160
24.865	139
24.87	162
24.875	153
24.88	172
24.885	171
24.89	168
24.895	154
24.9	164
24.905	153
24.91	156
24.915	183
24.92	144
24.925	157
24.93	172
24.935	159
24.94	163
24.945	172
24.95	150
24.955	175
24.96	148
24.965	160
24.97	137
24.975	159
24.98	170
24.985	158
24.99	163
24.995	151
25	130
25.005	167
25.01	180
25.015	187
25.02	159
25.025	160
25.03	165
25.035	139
25.04	156
25.045	146
25.05	175
25.055	165
25.06	173
25.065	155
25.07	167
25.075	171
25.08	167
25.085	176
25.09	166
25.095	156
25.1	181
25.105	159
25.11	145
25.115	148
25.12	181
25.125	170
25.13	149
25.135	149
25.14	160
25.145	153
25.15	161
25.155	147
25.16	144
25.165	148
25.17	165
25.175	159
25.18	150
25.185	171
25.19	181
25.195	166
25.2	160
25.205	177
25.21	151
25.215	153
25.22	161
25.225	157
25.23	147
25.235	145
25.24	163
25.245	164
25.25	184
25.255	178
25.26	145
25.265	154
25.27	157
25.275	169
25.28	137
25.285	148
25.29	168
25.295	151
25.3	169
25.305	155
25.31	170
25.315	161
25.32	151
25.325	157
25.33	160
25.335	150
25.34	166
25.345	128
25.35	155
25.355	144
25.36	141
25.365	154
25.37	155
25.375	147
25.38	179
25.385	184
25.39	182
25.395	156
25.4	175
25.405	169
25.41	148
25.415	145
25.42	143
25.425	156
25.43	156
25.435	161
25.44	171
25.445	180
25.45	173
25.455	153
25.46	145
25.465	180
25.47	159
25.475	149
25.48	139
25.485	162
25.49	143
25.495	136
25.5	144
25.505	163
25.51	145
25.515	163
25.52	149
25.525	172
25.53	178
25.535	159
25.54	143
25.545	157
25.55	160
25.555	176
25.56	151
25.565	159
25.57	164
25.575	162
25.58	145
25.585	160
25.59	147
25.595	155
25.6	142
25.605	179
25.61	141
25.615	154
25.62	183
25.625	153
25.63	178
25.635	166
25.64	168
25.645	157
25.65	124
25.655	149
25.66	164
25.665	128
25.67	158
25.675	152
25.68	155
25.685	159
25.69	169
25.695	166
25.7	150
25.705	182
25.71	163
25.715	154
25.72	146
25.725	134
25.73	160
25.735	128
25.74	148
25.745	166
25.75	162
25.755	152
25.76	156
25.765	151
25.77	162
25.775	142
25.78	168
25.785	151
25.79	146
25.795	169
25.8	155
25.805	167
25.81	154
25.815	140
25.82	146
25.825	169
25.83	167
25.835	166
25.84	120
25.845	168
25.85	148
25.855	167
25.86	171
25.865	139
25.87	162
25.875	157
25.88	156
25.885	170
25.89	184
25.895	155
25.9	164
25.905	161
25.91	172
25.915	162
25.92	151
25.925	170
25.93	159
25.935	160
25.94	142
25.945	198
25.95	168
25.955	169
25.96	142
25.965	151
25.97	162
25.975	141
25.98	152
25.985	149
25.99	188
25.995	164
26	174
26.005	157
26.01	134
26.015	153
26.02	151
26.025	175
26.03	149
26.035	168
26.04	131
26.045	144
26.05	167
26.055	152
26.06	179
26.065	144
26.07	183
26.075	159
26.08	173
26.085	174
26.09	157
26.095	157
26.1	163
26.105	166
26.11	157
26.115	170
26.12	167
26.125	153
26.13	158
26.135	160
26.14	160
26.145	157
26.15	151
26.155	168
26.16	160
26.165	154
26.17	161
26.175	160
26.18	162
26.185	149
26.19	162
26.195	190
26.2	167
26.205	155
26.21	147
26.215	163
26.22	145
26.225	165
26.23	168
26.235	171
26.24	157
26.245	157
26.25	155
26.255	155
26.26	178
26.265	196
26.27	146
26.275	165
26.28	160
26.285	169
26.29	165
26.295	147
26.3	177
26.305	163
26.31	143
26.315	148
26.32	151
26.325	152
26.33	181
26.335	164
26.34	145
26.345	165
26.35	153
26.355	173
26.36	169
26.365	152
26.37	181
26.375	162
26.38	174
26.385	153
26.39	176
26.395	179
26.4	160
26.405	164
26.41	154
26.415	173
26.42	163
26.425	187
26.43	152
26.435	169
26.44	158
26.445	173
26.45	155
26.455	144
26.46	155
26.465	153
26.47	133
26.475	158
26.48	167
26.485	188
26.49	150
26.495	178
26.5	175
26.505	176
26.51	160
26.515	187
26.52	163
26.525	160
26.53	147
26.535	157
26.54	185
26.545	163
26.55	186
26.555	173
26.56	173
26.565	174
26.57	177
26.575	173
26.58	168
26.585	170
26.59	180
26.595	166
26.6	189
26.605	175
26.61	180
26.615	177
26.62	163
26.625	188
26.63	175
26.635	184
26.64	194
26.645	185
26.65	179
26.655	184
26.66	208
26.665	179
26.67	191
26.675	209
26.68	193
26.685	206
26.69	214
26.695	200
26.7	238
26.705	206
26.71	201
26.715	202
26.72	223
26.725	263
26.73	263
26.735	282
26.74	262
26.745	287
26.75	319
26.755	330
26.76	372
26.765	416
26.77	470
26.775	479
26.78	489
26.785	520
26.79	552
26.795	613
26.8	564
26.805	644
26.81	656
26.815	652
26.82	619
26.825	659
26.83	665
26.835	644
26.84	572
26.845	641
26.85	572
26.855	526
26.86	605
26.865	533
26.87	455
26.875	399
26.88	434
26.885	382
26.89	354
26.895	335
26.9	314
26.905	318
26.91	292
26.915	264
26.92	244
26.925	268
26.93	249
26.935	235
26.94	199
26.945	206
26.95	238
26.955	244
26.96	179
26.965	194
26.97	204
26.975	218
26.98	171
26.985	191
26.99	191
26.995	210
27	182
27.005	175
27.01	177
27.015	189
27.02	151
27.025	178
27.03	185
27.035	173
27.04	191
27.045	178
27.05	192
27.055	182
27.06	186
27.065	167
27.07	193
27.075	180
27.08	182
27.085	198
27.09	166
27.095	183
27.1	179
27.105	174
27.11	183
27.115	186
27.12	167
27.125	168
27.13	172
27.135	161
27.14	167
27.145	208
27.15	187
27.155	188
27.16	173
27.165	171
27.17	148
27.175	162
27.18	183
27.185	163
27.19	157
27.195	173
27.2	154
27.205	164
27.21	186
27.215	184
27.22	168
27.225	180
27.23	154
27.235	137
27.24	151
27.245	167
27.25	174
27.255	183
27.26	179
27.265	168
27.27	178
27.275	191
27.28	160
27.285	187
27.29	179
27.295	180
27.3	169
27.305	179
27.31	176
27.315	159
27.32	169
27.325	172
27.33	184
27.335	172
27.34	194
27.345	183
27.35	184
27.355	175
27.36	193
27.365	172
27.37	208
27.375	184
27.38	163
27.385	198
27.39	180
27.395	191
27.4	209
27.405	217
27.41	203
27.415	219
27.42	211
27.425	211
27.43	210
27.435	250
27.44	243
27.445	241
27.45	286
27.455	305
27.46	326
27.465	349
27.47	322
27.475	388
27.48	440
27.485	444
27.49	445
27.495	528
27.5	540
27.505	554
27.51	589
27.515	576
27.52	621
27.525	617
27.53	589
27.535	614
27.54	597
27.545	590
27.55	540
27.555	590
27.56	599
27.565	522
27.57	518
27.575	468
27.58	465
27.585	452
27.59	414
27.595	409
27.6	373
27.605	332
27.61	313
27.615	251
27.62	240
27.625	274
27.63	251
27.635	241
27.64	209
27.645	201
27.65	206
27.655	191
27.66	223
27.665	217
27.67	189
27.675	192
27.68	163
27.685	196
27.69	150
27.695	183
27.7	187
27.705	164
27.71	184
27.715	187
27.72	198
27.725	188
27.73	163
27.735	184
27.74	194
27.745	196
27.75	174
27.755	196
27.76	179
27.765	180
27.77	194
27.775	178
27.78	177
27.785	180
27.79	169
27.795	150
27.8	174
27.805	198
27.81	167
27.815	171
27.82	148
27.825	185
27.83	188
27.835	187
27.84	155
27.845	155
27.85	180
27.855	160
27.86	159
27.865	158
27.87	162
27.875	161
27.88	170
27.885	167
27.89	164
27.895	172
27.9	185
27.905	175
27.91	192
27.915	169
27.92	157
27.925	175
27.93	166
27.935	143
27.94	155
27.945	179
27.95	167
27.955	148
27.96	143
27.965	171
27.97	173
27.975	175
27.98	173
27.985	163
27.99	159
27.995	163
28	151
28.005	183
28.01	181
28.015	173
28.02	153
28.025	151
28.03	183
28.035	151
28.04	184
28.045	159
28.05	160
28.055	149
28.06	171
28.065	163
28.07	175
28.075	138
28.08	169
28.085	173
28.09	144
28.095	153
28.1	181
28.105	157
28.11	170
28.115	170
28.12	171
28.125	158
28.13	172
28.135	184
28.14	163
28.145	151
28.15	174
28.155	172
28.16	165
28.165	174
28.17	159
28.175	167
28.18	176
28.185	156
28.19	165
28.195	166
28.2	151
28.205	163
28.21	163
28.215	159
28.22	154
28.225	153
28.23	174
28.235	168
28.24	162
28.245	176
28.25	141
28.255	169
28.26	183
28.265	167
28.27	152
28.275	181
28.28	157
28.285	175
28.29	172
28.295	154
28.3	161
28.305	162
28.31	151
28.315	167
28.32	155
28.325	185
28.33	167
28.335	152
28.34	138
28.345	170
28.35	175
28.355	163
28.36	163
28.365	176
28.37	172
28.375	174
28.38	164
28.385	151
28.39	164
28.395	177
28.4	151
28.405	156
28.41	171
28.415	165
28.42	169
28.425	174
28.43	164
28.435	185
28.44	159
28.445	177
28.45	179
28.455	169
28.46	158
28.465	148
28.47	143
28.475	150
28.48	176
28.485	154
28.49	154
28.495	157
28.5	155
28.505	144
28.51	168
28.515	160
28.52	144
28.525	169
28.53	179
28.535	175
28.54	156
28.545	176
28.55	155
28.555	177
28.56	177
28.565	188
28.57	158
28.575	148
28.58	160
28.585	173
28.59	155
28.595	182
28.6	164
28.605	162
28.61	139
28.615	163
28.62	154
28.625	159
28.63	155
28.635	144
28.64	150
28.645	168
28.65	158
28.655	151
28.66	175
28.665	173
28.67	143
28.675	155
28.68	184
28.685	174
28.69	166
28.695	149
28.7	160
28.705	137
28.71	155
28.715	151
28.72	176
28.725	161
28.73	154
28.735	166
28.74	164
28.745	142
28.75	182
28.755	163
28.76	158
28.765	156
28.77	162
28.775	155
28.78	162
28.785	162
28.79	160
28.795	132
28.8	163
28.805	166
28.81	172
28.815	174
28.82	144
28.825	165
28.83	160
28.835	165
28.84	151
28.845	147
28.85	150
28.855	186
28.86	164
28.865	143
28.87	152
28.875	158
28.88	151
28.885	168
28.89	168
28.895	144
28.9	167
28.905	150
28.91	152
28.915	143
28.92	145
28.925	162
28.93	158
28.935	152
28.94	131
28.945	176
28.95	180
28.955	165
28.96	171
28.965	169
28.97	169
28.975	166
28.98	150
28.985	166
28.99	160
28.995	151
29	185
29.005	182
29.01	170
29.015	147
29.02	154
29.025	170
29.03	162
29.035	142
29.04	150
29.045	152
29.05	146
29.055	173
29.06	150
29.065	156
29.07	149
29.075	150
29.08	157
29.085	165
29.09	159
29.095	163
29.1	150
29.105	182
29.11	186
29.115	155
29.12	152
29.125	126
29.13	151
29.135	150
29.14	181
29.145	152
29.15	167
29.155	147
29.16	169
29.165	133
29.17	163
29.175	154
29.18	163
29.185	166
29.19	157
29.195	145
29.2	149
29.205	139
29.21	180
29.215	162
29.22	186
29.225	144
29.23	183
29.235	151
29.24	169
29.245	144
29.25	170
29.255	138
29.26	173
29.265	175
29.27	144
29.275	178
29.28	142
29.285	174
29.29	162
29.295	165
29.3	162
29.305	150
29.31	148
29.315	162
29.32	156
29.325	148
29.33	151
29.335	183
29.34	157
29.345	141
29.35	153
29.355	170
29.36	165
29.365	184
29.37	161
29.375	169
29.38	172
29.385	147
29.39	159
29.395	173
29.4	170
29.405	155
29.41	179
29.415	152
29.42	153
29.425	147
29.43	171
29.435	169
29.44	181
29.445	190
29.45	164
29.455	172
29.46	165
29.465	182
29.47	156
29.475	141
29.48	126
29.485	190
29.49	175
29.495	156
29.5	152
29.505	176
29.51	160
29.515	163
29.52	161
29.525	164
29.53	163
29.535	156
29.54	153
29.545	161
29.55	171
29.555	165
29.56	155
29.565	161
29.57	150
29.575	173
29.58	169
29.585	163
29.59	175
29.595	171
29.6	169
29.605	164
29.61	126
29.615	160
29.62	162
29.625	169
29.63	165
29.635	180
29.64	136
29.645	147
29.65	141
29.655	166
29.66	173
29.665	168
29.67	155
29.675	132
29.68	162
29.685	151
29.69	147
29.695	152
29.7	173
29.705	167
29.71	154
29.715	160
29.72	145
29.725	145
29.73	154
29.735	194
29.74	165
29.745	159
29.75	169
29.755	147
29.76	166
29.765	157
29.77	168
29.775	164
29.78	174
29.785	168
29.79	159
29.795	163
29.8	157
29.805	163
29.81	156
29.815	157
29.82	165
29.825	177
29.83	137
29.835	179
29.84	163
29.845	174
29.85	174
29.855	180
29.86	180
29.865	160
29.87	148
29.875	176
29.88	159
29.885	148
29.89	164
29.895	159
29.9	167
29.905	164
29.91	150
29.915	179
29.92	157
29.925	192
29.93	179
29.935	169
29.94	174
29.945	154
29.95	180
29.955	174
29.96	159
29.965	165
29.97	149
29.975	180
29.98	165
29.985	146
29.99	196
29.995	207
30	151
30.005	195
30.01	174
30.015	182
30.02	177
30.025	177
30.03	175
30.035	195
30.04	173
30.045	182
30.05	185
30.055	178
30.06	188
30.065	181
30.07	197
30.075	195
30.08	185
30.085	161
30.09	202
30.095	214
30.1	171
30.105	236
30.11	219
30.115	233
30.12	251
30.125	203
30.13	229
30.135	236
30.14	260
30.145	276
30.15	307
30.155	299
30.16	305
30.165	389
30.17	347
30.175	423
30.18	399
30.185	420
30.19	428
30.195	435
30.2	438
30.205	473
30.21	489
30.215	477
30.22	462
30.225	490
30.23	514
30.235	474
30.24	446
30.245	457
30.25	450
30.255	413
30.26	420
30.265	353
30.27	391
30.275	384
30.28	339
30.285	287
30.29	306
30.295	315
30.3	238
30.305	255
30.31	230
30.315	242
30.32	243
30.325	235
30.33	210
30.335	198
30.34	210
30.345	189
30.35	196
30.355	202
30.36	192
30.365	196
30.37	202
30.375	186
30.38	199
30.385	189
30.39	159
30.395	183
30.4	173
30.405	184
30.41	176
30.415	180
30.42	168
30.425	165
30.43	167
30.435	194
30.44	170
30.445	168
30.45	185
30.455	177
30.46	177
30.465	153
30.47	163
30.475	187
30.48	154
30.485	165
30.49	167
30.495	165
30.5	160
30.505	175
30.51	164
30.515	181
30.52	195
30.525	149
30.53	188
30.535	159
30.54	174
30.545	181
30.55	171
30.555	160
30.56	159
30.565	167
30.57	178
30.575	171
30.58	168
30.585	163
30.59	166
30.595	174
30.6	164
30.605	144
30.61	148
30.615	160
30.62	154
30.625	159
30.63	172
30.635	163
30.64	154
30.645	156
30.65	173
30.655	154
30.66	164
30.665	160
30.67	147
30.675	180
30.68	154
30.685	178
30.69	156
30.695	154
30.7	167
30.705	161
30.71	172
30.715	163
30.72	149
30.725	159
30.73	168
30.735	148
30.74	182
30.745	141
30.75	183
30.755	167
30.76	170
30.765	173
30.77	151
30.775	160
30.78	153
30.785	159
30.79	146
30.795	164
30.8	196
30.805	164
30.81	175
30.815	156
30.82	159
30.825	147
30.83	146
30.835	175
30.84	154
30.845	170
30.85	161
30.855	170
30.86	157
30.865	169
30.87	163
30.875	144
30.88	166
30.885	180
30.89	157
30.895	168
30.9	159
30.905	163
30.91	154
30.915	148
30.92	160
30.925	195
30.93	159
30.935	174
30.94	135
30.945	178
30.95	156
30.955	197
30.96	171
30.965	150
30.97	176
30.975	155
30.98	160
30.985	162
30.99	157
30.995	153
31	175
31.005	165
31.01	140
31.015	165
31.02	160
31.025	143
31.03	173
31.035	161
31.04	142
31.045	144
31.05	159
31.055	167
31.06	140
31.065	150
31.07	144
31.075	167
31.08	154
31.085	126
31.09	152
31.095	157
31.1	174
31.105	162
31.11	175
31.115	147
31.12	191
31.125	181
31.13	173
31.135	163
31.14	163
31.145	176
31.15	120
31.155	142
31.16	161
31.165	172
31.17	165
31.175	159
31.18	160
31.185	165
31.19	162
31.195	171
31.2	150
31.205	165
31.21	156
31.215	158
31.22	157
31.225	146
31.23	161
31.235	154
31.24	157
31.245	150
31.25	167
31.255	170
31.26	173
31.265	156
31.27	167
31.275	168
31.28	156
31.285	163
31.29	142
31.295	154
31.3	177
31.305	180
31.31	163
31.315	162
31.32	169
31.325	155
31.33	152
31.335	147
31.34	158
31.345	151
31.35	171
31.355	177
31.36	138
31.365	139
31.37	147
31.375	148
31.38	153
31.385	170
31.39	161
31.395	161
31.4	178
31.405	152
31.41	159
31.415	152
31.42	130
31.425	155
31.43	176
31.435	169
31.44	156
31.445	187
31.45	167
31.455	164
31.46	181
31.465	172
31.47	177
31.475	169
31.48	179
31.485	171
31.49	172
31.495	165
31.5	169
31.505	137
31.51	157
31.515	148
31.52	174
31.525	175
31.53	182
31.535	181
31.54	173
31.545	165
31.55	145
31.555	154
31.56	164
31.565	167
31.57	162
31.575	171
31.58	166
31.585	176
31.59	166
31.595	133
31.6	170
31.605	147
31.61	176
31.615	162
31.62	133
31.625	146
31.63	164
31.635	158
31.64	154
31.645	155
31.65	167
31.655	162
31.66	162
31.665	171
31.67	165
31.675	152
31.68	183
31.685	149
31.69	145
31.695	164
31.7	160
31.705	158
31.71	165
31.715	164
31.72	171
31.725	154
31.73	171
31.735	139
31.74	171
31.745	151
31.75	154
31.755	173
31.76	165
31.765	182
31.77	170
31.775	160
31.78	140
31.785	156
31.79	149
31.795	154
31.8	152
31.805	150
31.81	142
31.815	175
31.82	179
31.825	181
31.83	172
31.835	160
31.84	156
31.845	176
31.85	189
31.855	162
31.86	173
31.865	175
31.87	184
31.875	177
31.88	156
31.885	184
31.89	167
31.895	171
31.9	156
31.905	181
31.91	165
31.915	168
31.92	206
31.925	181
31.93	166
31.935	185
31.94	174
31.945	192
31.95	190
31.955	182
31.96	172
31.965	235
31.97	204
31.975	182
31.98	211
31.985	214
31.99	241
31.995	234
32	244
32.005	272
32.01	281
32.015	279
32.02	307
32.025	321
32.03	357
32.035	359
32.04	404
32.045	467
32.05	457
32.055	496
32.06	502
32.065	526
32.07	521
32.075	581
32.08	590
32.085	609
32.09	624
32.095	635
32.1	660
32.105	673
32.11	640
32.115	660
32.12	599
32.125	556
32.13	603
32.135	565
32.14	550
32.145	521
32.15	461
32.155	449
32.16	406
32.165	413
32.17	381
32.175	358
32.18	341
32.185	301
32.19	290
32.195	250
32.2	252
32.205	269
32.21	211
32.215	229
32.22	220
32.225	187
32.23	205
32.235	209
32.24	193
32.245	168
32.25	201
32.255	179
32.26	196
32.265	183
32.27	191
32.275	202
32.28	188
32.285	191
32.29	164
32.295	176
32.3	198
32.305	177
32.31	183
32.315	170
32.32	179
32.325	177
32.33	177
32.335	179
32.34	189
32.345	171
32.35	196
32.355	185
32.36	170
32.365	168
32.37	159
32.375	174
32.38	177
32.385	201
32.39	171
32.395	177
32.4	153
32.405	161
32.41	168
32.415	165
32.42	158
32.425	183
32.43	187
32.435	156
32.44	175
32.445	164
32.45	165
32.455	170
32.46	182
32.465	139
32.47	165
32.475	176
32.48	164
32.485	171
32.49	159
32.495	154
32.5	173
32.505	170
32.51	173
32.515	164
32.52	169
32.525	161
32.53	155
32.535	143
32.54	161
32.545	163
32.55	157
32.555	177
32.56	170
32.565	145
32.57	178
32.575	155
32.58	175
32.585	144
32.59	160
32.595	162
32.6	158
32.605	160
32.61	146
32.615	155
32.62	166
32.625	172
32.63	159
32.635	174
32.64	189
32.645	159
32.65	150
32.655	171
32.66	165
32.665	180
32.67	176
32.675	179
32.68	179
32.685	175
32.69	192
32.695	168
32.7	147
32.705	172
32.71	165
32.715	151
32.72	170
32.725	158
32.73	162
32.735	182
32.74	148
32.745	165
32.75	148
32.755	148
32.76	149
32.765	152
32.77	194
32.775	158
32.78	165
32.785	156
32.79	148
32.795	162
32.8	169
32.805	161
32.81	149
32.815	175
32.82	165
32.825	169
32.83	163
32.835	167
32.84	176
32.845	157
32.85	140
32.855	169
32.86	169
32.865	170
32.87	179
32.875	164
32.88	164
32.885	162
32.89	179
32.895	150
32.9	186
32.905	150
32.91	170
32.915	166
32.92	153
32.925	168
32.93	165
32.935	173
32.94	166
32.945	130
32.95	142
32.955	149
32.96	172
32.965	166
32.97	135
32.975	160
32.98	144
32.985	181
32.99	146
32.995	178
33	162
33.005	158
33.01	151
33.015	169
33.02	163
33.025	152
33.03	159
33.035	143
33.04	154
33.045	161
33.05	173
33.055	153
33.06	165
33.065	161
33.07	170
33.075	143
33.08	172
33.085	174
33.09	169
33.095	164
33.1	168
33.105	178
33.11	165
33.115	167
33.12	150
33.125	160
33.13	158
33.135	183
33.14	165
33.145	153
33.15	189
33.155	176
33.16	155
33.165	169
33.17	148
33.175	165
33.18	168
33.185	151
33.19	158
33.195	162
33.2	177
33.205	157
33.21	166
33.215	180
33.22	150
33.225	160
33.23	137
33.235	152
33.24	199
33.245	189
33.25	164
33.255	154
33.26	157
33.265	169
33.27	165
33.275	158
33.28	139
33.285	194
33.29	160
33.295	171
33.3	155
33.305	170
33.31	142
33.315	152
33.32	159
33.325	157
33.33	158
33.335	154
33.34	152
33.345	179
33.35	157
33.355	142
33.36	152
33.365	181
33.37	171
33.375	171
33.38	176
33.385	151
33.39	148
33.395	157
33.4	173
33.405	151
33.41	168
33.415	164
33.42	161
33.425	158
33.43	164
33.435	156
33.44	141
33.445	140
33.45	151
33.455	141
33.46	172
33.465	146
33.47	173
33.475	128
33.48	162
33.485	149
33.49	141
33.495	150
33.5	166
33.505	186
33.51	177
33.515	173
33.52	174
33.525	169
33.53	149
33.535	151
33.54	155
33.545	154
33.55	162
33.555	175
33.56	153
33.565	152
33.57	154
33.575	171
33.58	159
33.585	147
33.59	159
33.595	171
33.6	176
33.605	182
33.61	157
33.615	162
33.62	150
33.625	186
33.63	160
33.635	168
33.64	155
33.645	150
33.65	154
33.655	160
33.66	194
33.665	176
33.67	169
33.675	164
33.68	167
33.685	164
33.69	157
33.695	171
33.7	151
33.705	159
33.71	180
33.715	200
33.72	155
33.725	160
33.73	161
33.735	157
33.74	146
33.745	161
33.75	132
33.755	166
33.76	170
33.765	154
33.77	166
33.775	149
33.78	170
33.785	158
33.79	180
33.795	162
33.8	143
33.805	171
33.81	160
33.815	169
33.82	173
33.825	155
33.83	162
33.835	169
33.84	160
33.845	172
33.85	139
33.855	155
33.86	155
33.865	153
33.87	138
33.875	165
33.88	162
33.885	184
33.89	155
33.895	159
33.9	170
33.905	161
33.91	157
33.915	177
33.92	166
33.925	167
33.93	175
33.935	147
33.94	173
33.945	155
33.95	154
33.955	156
33.96	155
33.965	161
33.97	152
33.975	137
33.98	201
33.985	151
33.99	150
33.995	155
34	158
34.005	152
34.01	175
34.015	175
34.02	165
34.025	168
34.03	159
34.035	183
34.04	182
34.045	137
34.05	163
34.055	171
34.06	144
34.065	165
34.07	153
34.075	158
34.08	168
34.085	146
34.09	137
34.095	157
34.1	168
34.105	176
34.11	171
34.115	138
34.12	154
34.125	164
34.13	179
34.135	147
34.14	165
34.145	175
34.15	158
34.155	149
34.16	167
34.165	173
34.17	173
34.175	156
34.18	163
34.185	148
34.19	162
34.195	181
34.2	174
34.205	138
34.21	161
34.215	161
34.22	146
34.225	147
34.23	167
34.235	160
34.24	171
34.245	161
34.25	170
34.255	155
34.26	147
34.265	165
34.27	155
34.275	148
34.28	158
34.285	171
34.29	159
34.295	170
34.3	172
34.305	164
34.31	178
34.315	172
34.32	181
34.325	163
34.33	156
34.335	153
34.34	172
34.345	158
34.35	165
34.355	169
34.36	132
34.365	178
34.37	175
34.375	157
34.38	174
34.385	152
34.39	161
34.395	151
34.4	158
34.405	158
34.41	139
34.415	159
34.42	163
34.425	171
34.43	146
34.435	164
34.44	165
34.445	150
34.45	168
34.455	155
34.46	172
34.465	169
34.47	141
34.475	162
34.48	171
34.485	172
34.49	149
34.495	148
34.5	181
34.505	162
34.51	165
34.515	178
34.52	160
34.525	144
34.53	163
34.535	159
34.54	177
34.545	153
34.55	160
34.555	174
34.56	153
34.565	143
34.57	169
34.575	161
34.58	159
34.585	155
34.59	167
34.595	180
34.6	165
34.605	160
34.61	160
34.615	170
34.62	166
34.625	179
34.63	173
34.635	174
34.64	148
34.645	172
34.65	151
34.655	157
34.66	152
34.665	162
34.67	169
34.675	163
34.68	187
34.685	160
34.69	191
34.695	139
34.7	163
34.705	147
34.71	156
34.715	146
34.72	180
34.725	166
34.73	175
34.735	158
34.74	155
34.745	170
34.75	199
34.755	163
34.76	148
34.765	179
34.77	174
34.775	150
34.78	179
34.785	160
34.79	142
34.795	168
34.8	182
34.805	185
34.81	145
34.815	168
34.82	162
34.825	178
34.83	176
34.835	165
34.84	166
34.845	156
34.85	188
34.855	154
34.86	158
34.865	170
34.87	190
34.875	175
34.88	154
34.885	175
34.89	160
34.895	174
34.9	165
34.905	166
34.91	162
34.915	197
34.92	175
34.925	177
34.93	166
34.935	187
34.94	218
34.945	203
34.95	203
34.955	235
34.96	227
34.965	228
34.97	244
34.975	272
34.98	264
34.985	299
34.99	296
34.995	292
35	308
35.005	321
35.01	335
35.015	362
35.02	320
35.025	333
35.03	356
35.035	389
35.04	385
35.045	386
35.05	348
35.055	360
35.06	369
35.065	335
35.07	352
35.075	327
35.08	301
35.085	269
35.09	283
35.095	288
35.1	230
35.105	237
35.11	206
35.115	235
35.12	232
35.125	183
35.13	212
35.135	173
35.14	205
35.145	223
35.15	186
35.155	173
35.16	162
35.165	168
35.17	173
35.175	187
35.18	168
35.185	191
35.19	174
35.195	160
35.2	197
35.205	184
35.21	149
35.215	164
35.22	189
35.225	172
35.23	144
35.235	172
35.24	151
35.245	169
35.25	160
35.255	169
35.26	158
35.265	167
35.27	175
35.275	158
35.28	153
35.285	159
35.29	161
35.295	164
35.3	181
35.305	161
35.31	179
35.315	158
35.32	184
35.325	165
35.33	175
35.335	137
35.34	132
35.345	137
35.35	173
35.355	158
35.36	178
35.365	160
35.37	161
35.375	172
35.38	164
35.385	178
35.39	168
35.395	160
35.4	157
35.405	163
35.41	154
35.415	180
35.42	160
35.425	146
35.43	157
35.435	162
35.44	161
35.445	160
35.45	162
35.455	161
35.46	161
35.465	159
35.47	168
35.475	147
35.48	164
35.485	134
35.49	151
35.495	155
35.5	137
35.505	145
35.51	161
35.515	174
35.52	164
35.525	161
35.53	151
35.535	180
35.54	146
35.545	157
35.55	171
35.555	155
35.56	163
35.565	177
35.57	151
35.575	171
35.58	143
35.585	157
35.59	160
35.595	165
35.6	158
35.605	156
35.61	152
35.615	154
35.62	157
35.625	152
35.63	167
35.635	158
35.64	170
35.645	168
35.65	159
35.655	160
35.66	163
35.665	153
35.67	164
35.675	147
35.68	134
35.685	156
35.69	155
35.695	154
35.7	177
35.705	186
35.71	173
35.715	164
35.72	158
35.725	161
35.73	161
35.735	153
35.74	135
35.745	151
35.75	171
35.755	171
35.76	149
35.765	159
35.77	153
35.775	152
35.78	162
35.785	148
35.79	164
35.795	145
35.8	161
35.805	168
35.81	150
35.815	169
35.82	163
35.825	169
35.83	155
35.835	146
35.84	147
35.845	149
35.85	170
35.855	171
35.86	146
35.865	180
35.87	187
35.875	199
35.88	178
35.885	157
35.89	164
35.895	166
35.9	154
35.905	150
35.91	134
35.915	161
35.92	169
35.925	158
35.93	168
35.935	168
35.94	146
35.945	165
35.95	155
35.955	163
35.96	182
35.965	158
35.97	161
35.975	169
35.98	170
35.985	159
35.99	162
35.995	169
36	174
36.005	141
36.01	177
36.015	143
36.02	160
36.025	171
36.03	175
36.035	160
36.04	168
36.045	154
36.05	145
36.055	168
36.06	162
36.065	165
36.07	167
36.075	145
36.08	164
36.085	149
36.09	147
36.095	153
36.1	172
36.105	166
36.11	162
36.115	160
36.12	182
36.125	163
36.13	164
36.135	157
36.14	156
36.145	170
36.15	168
36.155	176
36.16	164
36.165	157
36.17	163
36.175	146
36.18	139
36.185	169
36.19	175
36.195	136
36.2	156
36.205	161
36.21	167
36.215	166
36.22	161
36.225	172
36.23	146
36.235	147
36.24	162
36.245	149
36.25	158
36.255	167
36.26	147
36.265	156
36.27	166
36.275	170
36.28	159
36.285	183
36.29	141
36.295	164
36.3	157
36.305	149
36.31	148
36.315	164
36.32	139
36.325	164
36.33	158
36.335	177
36.34	159
36.345	169
36.35	153
36.355	168
36.36	175
36.365	161
36.37	172
36.375	134
36.38	168
36.385	147
36.39	146
36.395	151
36.4	150
36.405	149
36.41	139
36.415	163
36.42	169
36.425	187
36.43	176
36.435	182
36.44	169
36.445	157
36.45	159
36.455	138
36.46	153
36.465	165
36.47	148
36.475	156
36.48	158
36.485	139
36.49	158
36.495	157
36.5	170
36.505	182
36.51	155
36.515	146
36.52	166
36.525	176
36.53	154
36.535	169
36.54	175
36.545	179
36.55	162
36.555	173
36.56	201
36.565	170
36.57	189
36.575	177
36.58	188
36.585	194
36.59	192
36.595	179
36.6	190
36.605	211
36.61	202
36.615	173
36.62	232
36.625	249
36.63	226
36.635	272
36.64	251
36.645	253
36.65	256
36.655	284
36.66	304
36.665	303
36.67	332
36.675	343
36.68	338
36.685	304
36.69	381
36.695	331
36.7	367
36.705	323
36.71	323
36.715	305
36.72	325
36.725	314
36.73	326
36.735	277
36.74	301
36.745	281
36.75	273
36.755	243
36.76	244
36.765	231
36.77	229
36.775	231
36.78	221
36.785	222
36.79	205
36.795	208
36.8	213
36.805	197
36.81	187
36.815	179
36.82	217
36.825	178
36.83	171
36.835	169
36.84	174
36.845	158
36.85	173
36.855	164
36.86	183
36.865	176
36.87	199
36.875	157
36.88	169
36.885	166
36.89	171
36.895	168
36.9	181
36.905	171
36.91	191
36.915	174
36.92	184
36.925	180
36.93	162
36.935	157
36.94	183
36.945	160
36.95	140
36.955	183
36.96	165
36.965	155
36.97	167
36.975	172
36.98	172
36.985	170
36.99	170
36.995	169
37	158
37.005	156
37.01	196
37.015	202
37.02	168
37.025	175
37.03	214
37.035	168
37.04	172
37.045	183
37.05	180
37.055	158
37.06	176
37.065	172
37.07	179
37.075	164
37.08	160
37.085	168
37.09	162
37.095	182
37.1	181
37.105	193
37.11	191
37.115	179
37.12	194
37.125	213
37.13	222
37.135	214
37.14	216
37.145	238
37.15	280
37.155	312
37.16	319
37.165	332
37.17	325
37.175	401
37.18	385
37.185	383
37.19	459
37.195	494
37.2	559
37.205	551
37.21	545
37.215	622
37.22	590
37.225	648
37.23	624
37.235	639
37.24	582
37.245	601
37.25	665
37.255	603
37.26	522
37.265	540
37.27	532
37.275	536
37.28	488
37.285	483
37.29	432
37.295	452
37.3	380
37.305	377
37.31	362
37.315	312
37.32	288
37.325	318
37.33	263
37.335	239
37.34	246
37.345	191
37.35	228
37.355	202
37.36	204
37.365	196
37.37	203
37.375	208
37.38	187
37.385	178
37.39	178
37.395	164
37.4	170
37.405	187
37.41	167
37.415	165
37.42	159
37.425	158
37.43	172
37.435	191
37.44	185
37.445	157
37.45	187
37.455	171
37.46	202
37.465	152
37.47	194
37.475	186
37.48	157
37.485	162
37.49	144
37.495	184
37.5	163
37.505	174
37.51	160
37.515	169
37.52	140
37.525	181
37.53	145
37.535	159
37.54	177
37.545	172
37.55	165
37.555	160
37.56	141
37.565	166
37.57	168
37.575	184
37.58	141
37.585	162
37.59	169
37.595	140
37.6	173
37.605	149
37.61	166
37.615	145
37.62	156
37.625	157
37.63	152
37.635	157
37.64	155
37.645	158
37.65	148
37.655	135
37.66	157
37.665	165
37.67	160
37.675	159
37.68	156
37.685	135
37.69	171
37.695	159
37.7	153
37.705	155
37.71	140
37.715	157
37.72	157
37.725	148
37.73	152
37.735	153
37.74	140
37.745	167
37.75	138
37.755	179
37.76	164
37.765	149
37.77	170
37.775	175
37.78	146
37.785	158
37.79	148
37.795	152
37.8	166
37.805	157
37.81	153
37.815	167
37.82	153
37.825	139
37.83	151
37.835	149
37.84	173
37.845	169
37.85	180
37.855	171
37.86	167
37.865	138
37.87	173
37.875	175
37.88	141
37.885	166
37.89	136
37.895	127
37.9	171
37.905	146
37.91	165
37.915	159
37.92	140
37.925	161
37.93	151
37.935	167
37.94	161
37.945	158
37.95	132
37.955	156
37.96	165
37.965	164
37.97	136
37.975	160
37.98	178
37.985	161
37.99	142
37.995	162
38	168
38.005	170
38.01	139
38.015	162
38.02	175
38.025	160
38.03	149
38.035	138
38.04	167
38.045	177
38.05	175
38.055	147
38.06	141
38.065	150
38.07	172
38.075	162
38.08	150
38.085	157
38.09	168
38.095	135
38.1	150
38.105	170
38.11	161
38.115	149
38.12	155
38.125	121
38.13	157
38.135	158
38.14	157
38.145	149
38.15	148
38.155	155
38.16	163
38.165	150
38.17	150
38.175	147
38.18	158
38.185	133
38.19	152
38.195	156
38.2	147
38.205	153
38.21	157
38.215	154
38.22	170
38.225	156
38.23	169
38.235	142
38.24	150
38.245	156
38.25	146
38.255	156
38.26	163
38.265	144
38.27	177
38.275	129
38.28	120
38.285	166
38.29	157
38.295	162
38.3	150
38.305	164
38.31	141
38.315	142
38.32	137
38.325	148
38.33	155
38.335	159
38.34	142
38.345	163
38.35	159
38.355	153
38.36	165
38.365	143
38.37	150
38.375	172
38.38	132
38.385	180
38.39	151
38.395	171
38.4	131
38.405	140
38.41	164
38.415	141
38.42	158
38.425	149
38.43	158
38.435	118
38.44	156
38.445	132
38.45	138
38.455	148
38.46	150
38.465	146
38.47	151
38.475	167
38.48	156
38.485	136
38.49	134
38.495	173
38.5	155
38.505	138
38.51	157
38.515	131
38.52	154
38.525	175
38.53	164
38.535	167
38.54	167
38.545	156
38.55	140
38.555	167
38.56	145
38.565	154
38.57	132
38.575	153
38.58	166
38.585	145
38.59	156
38.595	158
38.6	144
38.605	142
38.61	154
38.615	160
38.62	158
38.625	136
38.63	168
38.635	159
38.64	139
38.645	139
38.65	134
38.655	164
38.66	145
38.665	154
38.67	169
38.675	173
38.68	188
38.685	178
38.69	167
38.695	151
38.7	140
38.705	160
38.71	145
38.715	162
38.72	169
38.725	153
38.73	161
38.735	135
38.74	144
38.745	151
38.75	167
38.755	149
38.76	137
38.765	147
38.77	164
38.775	155
38.78	165
38.785	163
38.79	169
38.795	157
38.8	165
38.805	164
38.81	132
38.815	143
38.82	159
38.825	138
38.83	162
38.835	150
38.84	163
38.845	156
38.85	129
38.855	148
38.86	154
38.865	140
38.87	140
38.875	175
38.88	151
38.885	164
38.89	148
38.895	149
38.9	157
38.905	130
38.91	151
38.915	161
38.92	162
38.925	143
38.93	150
38.935	154
38.94	136
38.945	137
38.95	157
38.955	139
38.96	146
38.965	153
38.97	156
38.975	162
38.98	161
38.985	149
38.99	151
38.995	164
39	146
39.005	154
39.01	137
39.015	151
39.02	159
39.025	153
39.03	158
39.035	160
39.04	170
39.045	147
39.05	146
39.055	140
39.06	165
39.065	143
39.07	158
39.075	124
39.08	154
39.085	161
39.09	134
39.095	146
39.1	164
39.105	150
39.11	159
39.115	153
39.12	155
39.125	166
39.13	157
39.135	191
39.14	167
39.145	149
39.15	169
39.155	151
39.16	173
39.165	182
39.17	159
39.175	146
39.18	140
39.185	167
39.19	176
39.195	146
39.2	161
39.205	143
39.21	177
39.215	185
39.22	177
39.225	178
39.23	166
39.235	177
39.24	175
39.245	216
39.25	203
39.255	199
39.26	206
39.265	220
39.27	245
39.275	215
39.28	241
39.285	252
39.29	245
39.295	225
39.3	266
39.305	297
39.31	272
39.315	295
39.32	328
39.325	302
39.33	288
39.335	306
39.34	269
39.345	260
39.35	270
39.355	270
39.36	287
39.365	244
39.37	258
39.375	267
39.38	236
39.385	232
39.39	229
39.395	226
39.4	219
39.405	212
39.41	184
39.415	197
39.42	169
39.425	189
39.43	183
39.435	183
39.44	152
39.445	179
39.45	148
39.455	177
39.46	177
39.465	168
39.47	169
39.475	157
39.48	137
39.485	160
39.49	149
39.495	161
39.5	164
39.505	147
39.51	165
39.515	129
39.52	139
39.525	158
39.53	159
39.535	152
39.54	183
39.545	169
39.55	174
39.555	158
39.56	169
39.565	127
39.57	166
39.575	162
39.58	180
39.585	145
39.59	129
39.595	144
39.6	172
39.605	157
39.61	159
39.615	154
39.62	141
39.625	148
39.63	173
39.635	154
39.64	137
39.645	162
39.65	147
39.655	140
39.66	138
39.665	171
39.67	149
39.675	154
39.68	142
39.685	169
39.69	153
39.695	162
39.7	143
39.705	156
39.71	153
39.715	154
39.72	145
39.725	131
39.73	163
39.735	125
39.74	137
39.745	156
39.75	166
39.755	149
39.76	123
39.765	165
39.77	152
39.775	144
39.78	166
39.785	169
39.79	137
39.795	157
39.8	154
39.805	119
39.81	151
39.815	167
39.82	146
39.825	145
39.83	176
39.835	144
39.84	132
39.845	143
39.85	137
39.855	144
39.86	170
39.865	154
39.87	142
39.875	163
39.88	169
39.885	158
39.89	157
39.895	152
39.9	131
39.905	161
39.91	153
39.915	162
39.92	147
39.925	161
39.93	130
39.935	168
39.94	126
39.945	149
39.95	132
39.955	153
39.96	171
39.965	139
39.97	168
39.975	143
39.98	122
39.985	152
39.99	155
39.995	148
40	132
40.005	161
40.01	170
40.015	164
40.02	125
40.025	188
40.03	144
40.035	128
40.04	152
40.045	138
40.05	143
40.055	134
40.06	151
40.065	156
40.07	140
40.075	149
40.08	153
40.085	150
40.09	143
40.095	139
40.1	153
40.105	171
40.11	154
40.115	157
40.12	150
40.125	136
40.13	156
40.135	163
40.14	150
40.145	136
40.15	144
40.155	161
40.16	167
40.165	171
40.17	129
40.175	156
40.18	144
40.185	141
40.19	159
40.195	140
40.2	156
40.205	156
40.21	148
40.215	124
40.22	133
40.225	158
40.23	160
40.235	141
40.24	150
40.245	152
40.25	135
40.255	145
40.26	122
40.265	148
40.27	158
40.275	150
40.28	133
40.285	149
40.29	156
40.295	160
40.3	157
40.305	141
40.31	166
40.315	152
40.32	128
40.325	150
40.33	147
40.335	151
40.34	169
40.345	158
40.35	152
40.355	143
40.36	146
40.365	137
40.37	149
40.375	167
40.38	146
40.385	155
40.39	156
40.395	145
40.4	143
40.405	138
40.41	122
40.415	150
40.42	151
40.425	167
40.43	133
40.435	170
40.44	149
40.445	146
40.45	154
40.455	145
40.46	151
40.465	153
40.47	129
40.475	130
40.48	137
40.485	148
40.49	151
40.495	135
40.5	158
40.505	159
40.51	161
40.515	158
40.52	149
40.525	153
40.53	161
40.535	139
40.54	166
40.545	155
40.55	157
40.555	141
40.56	146
40.565	143
40.57	132
40.575	165
40.58	162
40.585	156
40.59	125
40.595	162
40.6	155
40.605	140
40.61	151
40.615	158
40.62	166
40.625	149
40.63	156
40.635	172
40.64	150
40.645	164
40.65	165
40.655	162
40.66	154
40.665	141
40.67	139
40.675	156
40.68	142
40.685	170
40.69	134
40.695	162
40.7	152
40.705	148
40.71	134
40.715	172
40.72	168
40.725	201
40.73	167
40.735	152
40.74	181
40.745	175
40.75	195
40.755	167
40.76	179
40.765	198
40.77	176
40.775	196
40.78	221
40.785	216
40.79	185
40.795	248
40.8	240
40.805	249
40.81	277
40.815	241
40.82	250
40.825	261
40.83	291
40.835	264
40.84	275
40.845	270
40.85	261
40.855	259
40.86	285
40.865	218
40.87	252
40.875	235
40.88	243
40.885	225
40.89	224
40.895	233
40.9	221
40.905	213
40.91	199
40.915	211
40.92	209
40.925	199
40.93	179
40.935	179
40.94	174
40.945	162
40.95	166
40.955	199
40.96	172
40.965	167
40.97	128
40.975	164
40.98	170
40.985	163
40.99	158
40.995	155
41	149
41.005	154
41.01	143
41.015	161
41.02	159
41.025	165
41.03	165
41.035	166
41.04	161
41.045	180
41.05	150
41.055	148
41.06	145
41.065	161
41.07	184
41.075	148
41.08	153
41.085	137
41.09	181
41.095	160
41.1	160
41.105	151
41.11	151
41.115	147
41.12	152
41.125	137
41.13	147
41.135	158
41.14	167
41.145	146
41.15	154
41.155	165
41.16	141
41.165	148
41.17	140
41.175	154
41.18	169
41.185	156
41.19	142
41.195	142
41.2	151
41.205	154
41.21	144
41.215	156
41.22	164
41.225	185
41.23	170
41.235	148
41.24	156
41.245	189
41.25	173
41.255	179
41.26	180
41.265	196
41.27	212
41.275	207
41.28	194
41.285	207
41.29	230
41.295	207
41.3	224
41.305	248
41.31	246
41.315	272
41.32	271
41.325	245
41.33	253
41.335	260
41.34	248
41.345	248
41.35	264
41.355	252
41.36	231
41.365	242
41.37	235
41.375	212
41.38	246
41.385	239
41.39	219
41.395	212
41.4	214
41.405	202
41.41	208
41.415	185
41.42	182
41.425	195
41.43	167
41.435	170
41.44	171
41.445	168
41.45	180
41.455	184
41.46	152
41.465	151
41.47	146
41.475	154
41.48	145
41.485	174
41.49	167
41.495	151
41.5	148
41.505	137
41.51	147
41.515	173
41.52	157
41.525	151
41.53	151
41.535	151
41.54	140
41.545	154
41.55	140
41.555	127
41.56	151
41.565	127
41.57	141
41.575	129
41.58	139
41.585	153
41.59	128
41.595	148
41.6	171
41.605	154
41.61	135
41.615	129
41.62	148
41.625	149
41.63	156
41.635	132
41.64	160
41.645	127
41.65	138
41.655	149
41.66	152
41.665	142
41.67	126
41.675	148
41.68	130
41.685	140
41.69	153
41.695	145
41.7	159
41.705	150
41.71	151
41.715	166
41.72	160
41.725	164
41.73	146
41.735	159
41.74	140
41.745	140
41.75	152
41.755	153
41.76	143
41.765	138
41.77	144
41.775	132
41.78	153
41.785	159
41.79	141
41.795	147
41.8	149
41.805	145
41.81	149
41.815	129
41.82	154
41.825	157
41.83	166
41.835	131
41.84	160
41.845	161
41.85	142
41.855	136
41.86	146
41.865	146
41.87	150
41.875	144
41.88	130
41.885	138
41.89	136
41.895	139
41.9	140
41.905	142
41.91	155
41.915	152
41.92	149
41.925	158
41.93	132
41.935	147
41.94	157
41.945	121
41.95	133
41.955	143
41.96	168
41.965	128
41.97	152
41.975	134
41.98	140
41.985	144
41.99	124
41.995	150
42	136
42.005	134
42.01	153
42.015	139
42.02	160
42.025	153
42.03	168
42.035	147
42.04	134
42.045	159
42.05	153
42.055	175
42.06	138
42.065	157
42.07	146
42.075	143
42.08	139
42.085	152
42.09	155
42.095	135
42.1	165
42.105	134
42.11	152
42.115	144
42.12	148
42.125	119
42.13	166
42.135	130
42.14	151
42.145	133
42.15	175
42.155	142
42.16	143
42.165	136
42.17	131
42.175	142
42.18	132
42.185	140
42.19	144
42.195	119
42.2	154
42.205	148
42.21	150
42.215	151
42.22	155
42.225	140
42.23	163
42.235	133
42.24	131
42.245	139
42.25	169
42.255	126
42.26	139
42.265	131
42.27	170
42.275	144
42.28	155
42.285	155
42.29	152
42.295	124
42.3	147
42.305	139
42.31	133
42.315	122
42.32	153
42.325	149
42.33	141
42.335	135
42.34	162
42.345	135
42.35	142
42.355	121
42.36	151
42.365	155
42.37	142
42.375	161
42.38	137
42.385	146
42.39	142
42.395	137
42.4	141
42.405	152
42.41	148
42.415	135
42.42	154
42.425	138
42.43	141
42.435	133
42.44	120
42.445	146
42.45	121
42.455	169
42.46	125
42.465	137
42.47	142
42.475	161
42.48	135
42.485	141
42.49	113
42.495	110
42.5	160
42.505	152
42.51	140
42.515	145
42.52	139
42.525	116
42.53	149
42.535	136
42.54	143
42.545	144
42.55	132
42.555	123
42.56	142
42.565	160
42.57	130
42.575	124
42.58	139
42.585	142
42.59	145
42.595	127
42.6	128
42.605	121
42.61	145
42.615	127
42.62	131
42.625	131
42.63	130
42.635	140
42.64	149
42.645	131
42.65	139
42.655	129
42.66	130
42.665	143
42.67	131
42.675	125
42.68	144
42.685	144
42.69	117
42.695	117
42.7	130
42.705	124
42.71	136
42.715	155
42.72	122
42.725	121
42.73	147
42.735	149
42.74	154
42.745	152
42.75	142
42.755	134
42.76	126
42.765	144
42.77	127
42.775	128
42.78	158
42.785	122
42.79	158
42.795	121
42.8	133
42.805	137
42.81	156
42.815	118
42.82	123
42.825	135
42.83	141
42.835	126
42.84	114
42.845	133
42.85	150
42.855	135
42.86	127
42.865	138
42.87	131
42.875	119
42.88	117
42.885	150
42.89	125
42.895	155
42.9	124
42.905	147
42.91	129
42.915	152
42.92	150
42.925	134
42.93	134
42.935	151
42.94	148
42.945	167
42.95	148
42.955	146
42.96	148
42.965	147
42.97	160
42.975	136
42.98	143
42.985	134
42.99	147
42.995	135
43	143
43.005	140
43.01	144
43.015	138
43.02	141
43.025	150
43.03	140
43.035	144
43.04	147
43.045	140
43.05	130
43.055	152
43.06	160
43.065	141
43.07	141
43.075	127
43.08	134
43.085	152
43.09	143
43.095	153
43.1	149
43.105	144
43.11	155
43.115	144
43.12	129
43.125	186
43.13	137
43.135	125
43.14	152
43.145	142
43.15	159
43.155	151
43.16	174
43.165	167
43.17	160
43.175	165
43.18	137
43.185	161
43.19	156
43.195	175
43.2	189
43.205	184
43.21	191
43.215	203
43.22	183
43.225	183
43.23	222
43.235	204
43.24	195
43.245	198
43.25	226
43.255	216
43.26	223
43.265	241
43.27	251
43.275	243
43.28	223
43.285	197
43.29	210
43.295	201
43.3	209
43.305	210
43.31	188
43.315	199
43.32	198
43.325	168
43.33	181
43.335	188
43.34	173
43.345	196
43.35	170
43.355	160
43.36	157
43.365	170
43.37	176
43.375	136
43.38	169
43.385	174
43.39	174
43.395	136
43.4	142
43.405	163
43.41	148
43.415	162
43.42	154
43.425	133
43.43	139
43.435	135
43.44	120
43.445	126
43.45	152
43.455	139
43.46	141
43.465	126
43.47	127
43.475	161
43.48	119
43.485	132
43.49	129
43.495	153
43.5	126
43.505	132
43.51	130
43.515	146
43.52	148
43.525	135
43.53	142
43.535	148
43.54	174
43.545	128
43.55	131
43.555	140
43.56	162
43.565	124
43.57	137
43.575	125
43.58	138
43.585	112
43.59	133
43.595	128
43.6	137
43.605	147
43.61	127
43.615	133
43.62	134
43.625	138
43.63	162
43.635	142
43.64	140
43.645	125
43.65	133
43.655	149
43.66	140
43.665	161
43.67	123
43.675	131
43.68	141
43.685	150
43.69	141
43.695	126
43.7	123
43.705	150
43.71	131
43.715	160
43.72	141
43.725	121
43.73	124
43.735	141
43.74	130
43.745	139
43.75	125
43.755	109
43.76	142
43.765	134
43.77	145
43.775	124
43.78	120
43.785	134
43.79	141
43.795	148
43.8	135
43.805	138
43.81	112
43.815	142
43.82	131
43.825	142
43.83	142
43.835	143
43.84	142
43.845	140
43.85	138
43.855	119
43.86	134
43.865	117
43.87	134
43.875	119
43.88	143
43.885	139
43.89	140
43.895	152
43.9	140
43.905	125
43.91	159
43.915	118
43.92	126
43.925	139
43.93	156
43.935	132
43.94	148
43.945	150
43.95	128
43.955	141
43.96	124
43.965	128
43.97	141
43.975	138
43.98	143
43.985	126
43.99	127
43.995	135
44	165
44.005	137
44.01	138
44.015	138
44.02	130
44.025	132
44.03	139
44.035	136
44.04	123
44.045	146
44.05	140
44.055	124
44.06	129
44.065	154
44.07	133
44.075	135
44.08	123
44.085	140
44.09	144
44.095	153
44.1	133
44.105	134
44.11	136
44.115	133
44.12	133
44.125	149
44.13	152
44.135	146
44.14	119
44.145	134
44.15	128
44.155	128
44.16	153
44.165	139
44.17	138
44.175	121
44.18	139
44.185	141
44.19	124
44.195	137
44.2	134
44.205	110
44.21	132
44.215	139
44.22	117
44.225	136
44.23	148
44.235	126
44.24	139
44.245	140
44.25	154
44.255	132
44.26	136
44.265	125
44.27	140
44.275	121
44.28	138
44.285	136
44.29	116
44.295	111
44.3	160
44.305	148
44.31	150
44.315	134
44.32	136
44.325	147
44.33	135
44.335	145
44.34	134
44.345	130
44.35	139
44.355	138
44.36	147
44.365	140
44.37	141
44.375	125
44.38	130
44.385	135
44.39	110
44.395	117
44.4	142
44.405	152
44.41	158
44.415	115
44.42	144
44.425	118
44.43	122
44.435	141
44.44	128
44.445	129
44.45	142
44.455	150
44.46	148
44.465	156
44.47	169
44.475	133
44.48	158
44.485	134
44.49	137
44.495	127
44.5	147
44.505	155
44.51	138
44.515	125
44.52	165
44.525	165
44.53	142
44.535	124
44.54	141
44.545	165
44.55	145
44.555	152
44.56	138
44.565	167
44.57	171
44.575	173
44.58	168
44.585	191
44.59	194
44.595	189
44.6	199
44.605	212
44.61	214
44.615	220
44.62	250
44.625	254
44.63	229
44.635	251
44.64	288
44.645	289
44.65	293
44.655	273
44.66	296
44.665	311
44.67	291
44.675	305
44.68	292
44.685	270
44.69	293
44.695	259
44.7	256
44.705	256
44.71	225
44.715	257
44.72	248
44.725	244
44.73	224
44.735	209
44.74	175
44.745	181
44.75	190
44.755	174
44.76	163
44.765	168
44.77	187
44.775	149
44.78	161
44.785	159
44.79	153
44.795	147
44.8	135
44.805	148
44.81	159
44.815	139
44.82	162
44.825	132
44.83	154
44.835	143
44.84	129
44.845	135
44.85	128
44.855	164
44.86	126
44.865	120
44.87	139
44.875	143
44.88	153
44.885	140
44.89	139
44.895	137
44.9	130
44.905	152
44.91	157
44.915	166
44.92	123
44.925	133
44.93	123
44.935	143
44.94	126
44.945	128
44.95	131
44.955	126
44.96	117
44.965	156
44.97	126
44.975	128
44.98	157
44.985	153
44.99	144
44.995	142
45	122
45.005	136
45.01	130
45.015	130
45.02	155
45.025	145
45.03	138
45.035	138
45.04	162
45.045	142
45.05	145
45.055	163
45.06	170
45.065	190
45.07	190
45.075	175
45.08	188
45.085	218
45.09	203
45.095	183
45.1	208
45.105	187
45.11	181
45.115	213
45.12	215
45.125	225
45.13	231
45.135	210
45.14	221
45.145	203
45.15	214
45.155	196
45.16	230
45.165	184
45.17	194
45.175	200
45.18	180
45.185	170
45.19	181
45.195	169
45.2	179
45.205	154
45.21	130
45.215	149
45.22	142
45.225	137
45.23	177
45.235	155
45.24	148
45.245	139
45.25	125
45.255	136
45.26	110
45.265	126
45.27	135
45.275	124
45.28	114
45.285	109
45.29	151
45.295	130
45.3	137
45.305	141
45.31	124
45.315	146
45.32	141
45.325	131
45.33	124
45.335	131
45.34	132
45.345	124
45.35	123
45.355	136
45.36	139
45.365	139
45.37	116
45.375	121
45.38	139
45.385	133
45.39	134
45.395	107
45.4	137
45.405	132
45.41	136
45.415	134
45.42	116
45.425	141
45.43	129
45.435	139
45.44	126
45.445	126
45.45	122
45.455	123
45.46	141
45.465	117
45.47	107
45.475	134
45.48	114
45.485	125
45.49	146
45.495	128
45.5	124
45.505	138
45.51	123
45.515	128
45.52	132
45.525	120
45.53	132
45.535	139
45.54	128
45.545	125
45.55	117
45.555	106
45.56	116
45.565	105
45.57	143
45.575	135
45.58	122
45.585	141
45.59	142
45.595	110
45.6	118
45.605	128
45.61	149
45.615	130
45.62	140
45.625	134
45.63	132
45.635	115
45.64	120
45.645	127
45.65	109
45.655	123
45.66	134
45.665	112
45.67	141
45.675	121
45.68	130
45.685	110
45.69	150
45.695	129
45.7	121
45.705	117
45.71	112
45.715	127
45.72	113
45.725	132
45.73	114
45.735	145
45.74	120
45.745	150
45.75	126
45.755	137
45.76	101
45.765	127
45.77	125
45.775	127
45.78	120
45.785	124
45.79	128
45.795	117
45.8	132
45.805	122
45.81	127
45.815	129
45.82	122
45.825	114
45.83	125
45.835	112
45.84	118
45.845	125
45.85	121
45.855	115
45.86	152
45.865	126
45.87	139
45.875	121
45.88	150
45.885	169
45.89	125
45.895	137
45.9	132
45.905	129
45.91	142
45.915	130
45.92	108
45.925	119
45.93	122
45.935	105
45.94	131
45.945	112
45.95	140
45.955	143
45.96	124
45.965	130
45.97	127
45.975	135
45.98	123
45.985	114
45.99	130
45.995	123
