#headerheder

18	57
18.05	43
18.1	56
18.15	50
18.2	52
18.25	51
18.3	58
18.35	63
18.4	67
18.45	63
18.5	65
18.55	59
18.6	74
18.65	110
18.7	93
18.75	82
18.8	108
18.85	116
18.9	128
18.95	122
19	110
19.05	111
19.1	128
19.15	139
19.2	148
19.25	125
19.3	144
19.35	155
19.4	142
19.45	124
19.5	124
19.55	141
19.6	136
19.65	126
19.7	142
19.75	125
19.8	141
19.85	139
19.9	118
19.95	142
20	149
20.05	122
20.1	125
20.15	141
20.2	124
20.25	121
20.3	111
20.35	124
20.4	115
20.45	123
20.5	135
20.55	129
20.6	118
20.65	112
20.7	129
20.75	120
20.8	134
20.85	126
20.9	128
20.95	115
21	111
21.05	113
21.1	106
21.15	112
21.2	135
21.25	119
21.3	121
21.35	111
21.4	124
21.45	108
21.5	107
21.55	130
21.6	132
21.65	143
21.7	99
21.75	124
21.8	112
21.85	118
21.9	116
21.95	131
22	136
22.05	131
22.1	115
22.15	122
22.2	117
22.25	132
22.3	113
22.35	124
22.4	100
22.45	115
22.5	104
22.55	114
22.6	120
22.65	108
22.7	125
22.75	115
22.8	119
22.85	127
22.9	121
22.95	119
23	119
23.05	107
23.1	119
23.15	114
23.2	150
23.25	121
23.3	111
23.35	112
23.4	97
23.45	118
23.5	110
23.55	100
23.6	132
23.65	102
23.7	111
23.75	121
23.8	117
23.85	115
23.9	113
23.95	130
24	111
24.05	111
24.1	110
24.15	107
24.2	112
24.25	111
24.3	101
24.35	121
24.4	133
24.45	93
24.5	118
24.55	90
24.6	120
24.65	93
24.7	130
24.75	132
24.8	96
24.85	128
24.9	129
24.95	95
25	123
25.05	128
25.1	126
25.15	114
25.2	121
25.25	111
25.3	139
25.35	129
25.4	134
25.45	117
25.5	120
25.55	101
25.6	121
25.65	123
25.7	126
25.75	150
25.8	96
25.85	137
25.9	125
25.95	152
26	144
26.05	145
26.1	152
26.15	132
26.2	126
26.25	138
26.3	147
26.35	142
26.4	141
26.45	141
26.5	166
26.55	181
26.6	160
26.65	181
26.7	187
26.75	176
26.8	223
26.85	190
26.9	213
26.95	224
27	244
27.05	244
27.1	273
27.15	323
27.2	322
27.25	369
27.3	405
27.35	458
27.4	492
27.45	555
27.5	710
27.55	724
27.6	941
27.65	1076
27.7	1341
27.75	1636
27.8	2033
27.85	2496
27.9	3207
27.95	4293
28	5500
28.05	6650
28.1	8226
28.15	10038
28.2	11387
28.25	12202
28.3	12125
28.35	11360
28.4	9597
28.45	8032
28.5	6417
28.55	4971
28.6	3899
28.65	3005
28.7	2363
28.75	1932
28.8	1537
28.85	1220
28.9	1090
28.95	864
29	742
29.05	617
29.1	567
29.15	489
29.2	446
29.25	395
29.3	358
29.35	331
29.4	298
29.45	313
29.5	279
29.55	264
29.6	263
29.65	228
29.7	223
29.75	196
29.8	196
29.85	180
29.9	190
29.95	162
30	180
30.05	171
30.1	153
30.15	144
30.2	140
30.25	147
30.3	136
30.35	134
30.4	132
30.45	139
30.5	136
30.55	125
30.6	122
30.65	147
30.7	114
30.75	125
30.8	124
30.85	111
30.9	107
30.95	102
31	113
31.05	143
31.1	102
31.15	98
31.2	114
31.25	114
31.3	116
31.35	115
31.4	133
31.45	112
31.5	111
31.55	111
31.6	121
31.65	93
31.7	119
31.75	103
31.8	111
31.85	83
31.9	116
31.95	99
32	93
32.05	101
32.1	103
32.15	89
32.2	96
32.25	90
32.3	110
32.35	105
32.4	103
32.45	125
32.5	106
32.55	125
32.6	137
32.65	145
32.7	150
32.75	140
32.8	142
32.85	130
32.9	156
32.95	119
33	103
33.05	121
33.1	120
33.15	92
33.2	83
33.25	111
33.3	95
33.35	90
33.4	81
33.45	103
33.5	104
33.55	95
33.6	95
33.65	84
33.7	83
33.75	91
33.8	79
33.85	98
33.9	91
33.95	106
34	90
34.05	75
34.1	109
34.15	83
34.2	83
34.25	78
34.3	101
34.35	81
34.4	83
34.45	79
34.5	86
34.55	102
34.6	90
34.65	80
34.7	80
34.75	93
34.8	87
34.85	84
34.9	83
34.95	90
35	87
35.05	81
35.1	84
35.15	64
35.2	89
35.25	87
35.3	89
35.35	99
35.4	102
35.45	81
35.5	82
35.55	87
35.6	86
35.65	98
35.7	92
35.75	74
35.8	85
35.85	94
35.9	81
35.95	68
36	84
36.05	77
36.1	83
36.15	86
36.2	96
36.25	64
36.3	84
36.35	87
36.4	105
36.45	104
36.5	80
36.55	93
36.6	99
36.65	76
36.7	91
36.75	82
36.8	97
36.85	86
36.9	83
36.95	76
37	84
37.05	91
37.1	95
37.15	103
37.2	78
37.25	85
37.3	67
37.35	86
37.4	98
37.45	77
37.5	76
37.55	102
37.6	100
37.65	94
37.7	81
37.75	76
37.8	91
37.85	81
37.9	89
37.95	77
38	83
38.05	74
38.1	90
38.15	78
38.2	72
38.25	90
38.3	66
38.35	86
38.4	89
38.45	92
38.5	84
38.55	95
38.6	89
38.65	96
38.7	76
38.75	93
38.8	87
38.85	77
38.9	76
38.95	91
39	88
39.05	80
39.1	92
39.15	91
39.2	95
39.25	78
39.3	97
39.35	81
39.4	82
39.45	107
39.5	73
39.55	82
39.6	73
39.65	81
39.7	65
39.75	79
39.8	69
39.85	93
39.9	85
39.95	90
40	88
40.05	72
40.1	91
40.15	91
40.2	82
40.25	87
40.3	83
40.35	82
40.4	104
40.45	101
40.5	88
40.55	81
40.6	98
40.65	98
40.7	114
40.75	85
40.8	87
40.85	92
40.9	95
40.95	103
41	81
41.05	101
41.1	85
41.15	105
41.2	88
41.25	81
41.3	82
41.35	94
41.4	91
41.45	98
41.5	92
41.55	95
41.6	108
41.65	110
41.7	87
41.75	98
41.8	78
41.85	82
41.9	90
41.95	94
42	104
42.05	87
42.1	101
42.15	104
42.2	102
42.25	95
42.3	94
42.35	103
42.4	119
42.45	85
42.5	95
42.55	97
42.6	107
42.65	112
42.7	115
42.75	100
42.8	92
42.85	105
42.9	95
42.95	107
43	109
43.05	109
43.1	108
43.15	81
43.2	129
43.25	108
43.3	101
43.35	113
43.4	120
43.45	102
43.5	133
43.55	107
43.6	102
43.65	132
43.7	110
43.75	120
43.8	108
43.85	117
43.9	126
43.95	128
44	150
44.05	132
44.1	112
44.15	131
44.2	123
44.25	141
44.3	126
44.35	153
44.4	139
44.45	158
44.5	143
44.55	145
44.6	139
44.65	170
44.7	167
44.75	156
44.8	183
44.85	170
44.9	193
44.95	178
45	212
45.05	208
45.1	201
45.15	195
45.2	219
45.25	255
45.3	246
45.35	263
45.4	279
45.45	291
45.5	326
45.55	320
45.6	342
45.65	361
45.7	399
45.75	453
45.8	470
45.85	522
45.9	566
45.95	611
46	749
46.05	806
46.1	919
46.15	1008
46.2	1175
46.25	1360
46.3	1654
46.35	1899
46.4	2097
46.45	2471
46.5	2881
46.55	3448
46.6	4064
46.65	4700
46.7	5544
46.75	6311
46.8	7207
46.85	8071
46.9	8896
46.95	9178
47	9402
47.05	9277
47.1	8940
47.15	8314
47.2	7532
47.25	6556
47.3	5717
47.35	4904
47.4	4255
47.45	3557
47.5	3080
47.55	2544
47.6	2188
47.65	1848
47.7	1594
47.75	1395
47.8	1226
47.85	1018
47.9	909
47.95	787
48	689
48.05	651
48.1	595
48.15	538
48.2	450
48.25	475
48.3	404
48.35	381
48.4	355
48.45	336
48.5	302
48.55	276
48.6	274
48.65	245
48.7	224
48.75	204
48.8	234
48.85	197
48.9	178
48.95	184
49	214
49.05	205
49.1	175
49.15	165
49.2	167
49.25	148
49.3	158
49.35	134
49.4	151
49.45	143
49.5	133
49.55	130
49.6	128
49.65	139
49.7	130
49.75	108
49.8	118
49.85	135
49.9	130
49.95	105
50	122
50.05	100
50.1	100
50.15	106
50.2	119
50.25	105
50.3	96
50.35	114
50.4	92
50.45	100
50.5	109
50.55	107
50.6	98
50.65	101
50.7	94
50.75	94
50.8	104
50.85	110
50.9	99
50.95	116
51	110
51.05	89
51.1	118
51.15	95
51.2	109
51.25	91
51.3	92
51.35	102
51.4	107
51.45	108
51.5	85
51.55	104
51.6	97
51.65	104
51.7	90
51.75	87
51.8	98
51.85	81
51.9	86
51.95	110
52	94
52.05	85
52.1	101
52.15	95
52.2	106
52.25	87
52.3	88
52.35	101
52.4	79
52.45	101
52.5	105
52.55	103
52.6	109
52.65	97
52.7	78
52.75	81
52.8	92
52.85	120
52.9	88
52.95	89
53	85
53.05	119
53.1	104
53.15	84
53.2	105
53.25	100
53.3	109
53.35	111
53.4	114
53.45	114
53.5	94
53.55	99
53.6	131
53.65	129
53.7	118
53.75	115
53.8	117
53.85	117
53.9	115
53.95	110
54	136
54.05	126
54.1	170
54.15	156
54.2	160
54.25	159
54.3	184
54.35	199
54.4	187
54.45	208
54.5	238
54.55	234
54.6	213
54.65	259
54.7	268
54.75	337
54.8	343
54.85	386
54.9	482
54.95	474
55	505
55.05	567
55.1	697
55.15	780
55.2	860
55.25	1012
55.3	1183
55.35	1316
55.4	1541
55.45	1736
55.5	1985
55.55	2155
55.6	2292
55.65	2612
55.7	2756
55.75	2722
55.8	2602
55.85	2541
55.9	2379
55.95	2346
56	2022
56.05	1852
56.1	1701
56.15	1381
56.2	1316
56.25	1039
56.3	884
56.35	784
56.4	702
56.45	602
56.5	539
56.55	463
56.6	435
56.65	394
56.7	340
56.75	258
56.8	270
56.85	250
56.9	212
56.95	223
57	229
57.05	207
57.1	177
57.15	159
57.2	139
57.25	169
57.3	163
57.35	134
57.4	128
57.45	124
57.5	119
57.55	116
57.6	114
57.65	99
57.7	101
57.75	122
57.8	104
57.85	109
57.9	100
57.95	109
58	92
58.05	96
58.1	105
58.15	116
58.2	95
58.25	109
58.3	122
58.35	108
58.4	103
58.45	111
58.5	103
58.55	95
58.6	116
58.65	92
58.7	86
58.75	104
58.8	88
58.85	97
58.9	85
58.95	103
59	79
59.05	90
59.1	81
59.15	65
59.2	87
59.25	60
59.3	63
59.35	73
59.4	85
59.45	81
59.5	87
59.55	78
59.6	67
59.65	68
59.7	52
59.75	77
59.8	85
59.85	62
59.9	64
59.95	71
60	58
60.05	65
60.1	62
60.15	72
60.2	75
60.25	60
60.3	48
60.35	62
60.4	67
60.45	68
60.5	64
60.55	63
60.6	61
60.65	57
60.7	50
60.75	68
60.8	61
60.85	53
60.9	67
60.95	48
61	64
61.05	58
61.1	52
61.15	61
61.2	55
61.25	74
61.3	68
61.35	55
61.4	55
61.45	64
61.5	67
61.55	50
61.6	62
61.65	57
61.7	61
61.75	51
61.8	64
61.85	55
61.9	53
61.95	39
62	55
62.05	62
62.1	64
62.15	66
62.2	67
62.25	51
62.3	48
62.35	43
62.4	54
62.45	56
62.5	57
62.55	59
62.6	50
62.65	58
62.7	53
62.75	51
62.8	58
62.85	52
62.9	56
62.95	53
63	57
63.05	68
63.1	50
63.15	51
63.2	62
63.25	61
63.3	58
63.35	64
63.4	44
63.45	45
63.5	55
63.55	50
63.6	53
63.65	51
63.7	42
63.75	64
63.8	59
63.85	51
63.9	57
63.95	49
64	57
64.05	52
64.1	54
64.15	57
64.2	55
64.25	48
64.3	65
64.35	49
64.4	74
64.45	49
64.5	53
64.55	48
64.6	47
64.65	60
64.7	48
64.75	65
64.8	53
64.85	61
64.9	59
64.95	54
65	70
65.05	43
65.1	58
65.15	58
65.2	46
65.25	60
65.3	59
65.35	61
65.4	52
65.45	49
65.5	58
65.55	60
65.6	45
65.65	54
65.7	59
65.75	58
65.8	69
65.85	51
65.9	78
65.95	62
66	49
66.05	49
66.1	54
66.15	59
66.2	49
66.25	51
66.3	60
66.35	51
66.4	54
66.45	68
66.5	65
66.55	60
66.6	61
66.65	69
66.7	78
66.75	87
66.8	78
66.85	75
66.9	73
66.95	53
67	96
67.05	83
67.1	79
67.15	90
67.2	82
67.25	88
67.3	84
67.35	100
67.4	111
67.45	114
67.5	106
67.55	126
67.6	111
67.65	134
67.7	172
67.75	188
67.8	177
67.85	193
67.9	198
67.95	273
68	272
68.05	304
68.1	318
68.15	395
68.2	453
68.25	476
68.3	564
68.35	604
68.4	709
68.45	780
68.5	842
68.55	906
68.6	949
68.65	941
68.7	908
68.75	962
68.8	855
68.85	819
68.9	746
68.95	727
69	681
69.05	555
69.1	501
69.15	460
69.2	363
69.25	354
69.3	293
69.35	276
69.4	251
69.45	226
69.5	188
69.55	179
69.6	160
69.65	171
69.7	157
69.75	115
69.8	114
69.85	100
69.9	120
69.95	104
70	87
70.05	105
70.1	92
70.15	86
70.2	68
70.25	84
70.3	91
70.35	63
70.4	75
70.45	72
70.5	78
70.55	77
70.6	51
70.65	70
70.7	61
70.75	67
70.8	56
70.85	73
70.9	63
70.95	69
71	68
71.05	82
71.1	58
71.15	59
71.2	64
71.25	55
71.3	58
71.35	45
71.4	58
71.45	69
71.5	59
71.55	69
71.6	54
71.65	56
71.7	56
71.75	64
71.8	62
71.85	70
71.9	58
71.95	64
72	54
72.05	51
72.1	56
72.15	55
72.2	57
72.25	57
72.3	69
72.35	56
72.4	62
72.45	62
72.5	57
72.55	65
72.6	59
72.65	58
72.7	55
72.75	66
72.8	52
72.85	60
72.9	64
72.95	49
73	50
73.05	59
73.1	59
73.15	60
73.2	78
73.25	68
73.3	58
73.35	72
73.4	74
73.45	55
73.5	56
73.55	60
73.6	63
73.65	51
73.7	80
73.75	72
73.8	73
73.85	80
73.9	77
73.95	74
74	85
74.05	87
74.1	88
74.15	96
74.2	92
74.25	101
74.3	100
74.35	85
74.4	115
74.45	98
74.5	123
74.55	117
74.6	139
74.65	147
74.7	160
74.75	161
74.8	155
74.85	186
74.9	191
74.95	204
75	209
75.05	273
75.1	274
75.15	288
75.2	301
75.25	344
75.3	384
75.35	410
75.4	422
75.45	460
75.5	488
75.55	533
75.6	597
75.65	616
75.7	619
75.75	619
75.8	706
75.85	665
75.9	668
75.95	651
76	617
76.05	638
76.1	586
76.15	592
76.2	521
76.25	505
76.3	466
76.35	416
76.4	379
76.45	381
76.5	323
76.55	298
76.6	299
76.65	265
76.7	252
76.75	218
76.8	212
76.85	220
76.9	193
76.95	182
77	184
77.05	134
77.1	143
77.15	136
77.2	150
77.25	127
77.3	96
77.35	133
77.4	145
77.45	114
77.5	116
77.55	114
77.6	104
77.65	136
77.7	118
77.75	120
77.8	144
77.85	106
77.9	131
77.95	118
78	101
78.05	117
78.1	124
78.15	127
78.2	128
78.25	135
78.3	132
78.35	118
78.4	101
78.45	107
78.5	122
78.55	116
78.6	98
78.65	105
78.7	86
78.75	93
78.8	87
78.85	75
78.9	74
78.95	75
79	74
79.05	76
79.1	70
79.15	66
79.2	67
79.25	70
79.3	67
79.35	68
79.4	61
79.45	58
79.5	57
79.55	59
79.6	52
79.65	71
79.7	81
79.75	53
79.8	53
79.85	59
79.9	70
79.95	53
80	67
80.05	57
80.1	46
80.15	62
80.2	51
80.25	59
80.3	51
80.35	66
80.4	72
80.45	55
80.5	62
80.55	44
80.6	53
80.65	58
80.7	68
80.75	61
80.8	53
80.85	58
80.9	65
80.95	58
81	51
81.05	50
81.1	55
81.15	51
81.2	63
81.25	77
81.3	53
81.35	56
81.4	56
81.45	55
81.5	65
81.55	55
81.6	43
81.65	54
81.7	55
81.75	48
81.8	66
81.85	65
81.9	64
81.95	49
82	60
82.05	51
82.1	57
82.15	53
82.2	59
82.25	58
82.3	47
82.35	53
82.4	56
82.45	69
82.5	56
82.55	50
82.6	62
82.65	62
82.7	47
82.75	61
82.8	62
82.85	61
82.9	53
82.95	49
83	59
83.05	60
83.1	60
83.15	66
83.2	52
83.25	46
83.3	64
83.35	56
83.4	63
83.45	60
83.5	71
83.55	74
83.6	63
83.65	69
83.7	65
83.75	72
83.8	66
83.85	48
83.9	53
83.95	63
84	80
84.05	61
84.1	66
84.15	81
84.2	79
84.25	84
84.3	71
84.35	64
84.4	71
84.45	83
84.5	68
84.55	82
84.6	83
84.65	79
84.7	90
84.75	76
84.8	93
84.85	83
84.9	97
84.95	84
85	99
85.05	95
85.1	113
85.15	108
85.2	110
85.25	103
85.3	96
85.35	122
85.4	126
85.45	111
85.5	110
85.55	129
85.6	120
85.65	142
85.7	162
85.75	171
85.8	155
85.85	168
85.9	223
85.95	193
86	211
86.05	220
86.1	233
86.15	234
86.2	256
86.25	251
86.3	309
86.35	293
86.4	312
86.45	405
86.5	422
86.55	419
86.6	457
86.65	526
86.7	521
86.75	581
86.8	535
86.85	653
86.9	688
86.95	735
87	802
87.05	861
87.1	897
87.15	909
87.2	925
87.25	968
87.3	1046
87.35	1035
87.4	1004
87.45	1057
87.5	1040
87.55	1012
87.6	943
87.65	892
87.7	871
87.75	843
87.8	724
87.85	750
87.9	716
87.95	669
88	626
88.05	596
88.1	517
88.15	509
88.2	450
88.25	436
88.3	380
88.35	368
88.4	331
88.45	316
88.5	300
88.55	267
88.6	258
88.65	253
88.7	260
88.75	223
88.8	202
88.85	191
88.9	185
88.95	181
89	179
89.05	172
89.1	152
89.15	158
89.2	136
89.25	135
89.3	117
89.35	127
89.4	113
89.45	115
89.5	111
89.55	108
89.6	103
89.65	113
89.7	121
89.75	106
89.8	98
89.85	98
89.9	100
89.95	103
90	99
90.05	84
90.1	79
90.15	91
90.2	91
90.25	79
90.3	69
90.35	68
90.4	73
90.45	80
90.5	75
90.55	87
90.6	79
90.65	77
90.7	77
90.75	81
90.8	85
90.85	65
90.9	78
90.95	66
91	86
91.05	77
91.1	76
91.15	72
91.2	85
91.25	74
91.3	70
91.35	73
91.4	61
91.45	69
91.5	74
91.55	77
91.6	63
91.65	75
91.7	68
91.75	68
91.8	72
91.85	64
91.9	74
91.95	84
92	82
92.05	67
92.1	72
92.15	90
92.2	67
92.25	76
92.3	81
92.35	88
92.4	93
92.45	112
92.5	110
92.55	105
92.6	87
92.65	98
92.7	107
92.75	111
92.8	105
92.85	115
92.9	116
92.95	133
93	142
93.05	122
93.1	145
93.15	175
93.2	164
93.25	168
93.3	185
93.35	201
93.4	225
93.45	223
93.5	236
93.55	263
93.6	271
93.65	293
93.7	320
93.75	288
93.8	374
93.85	350
93.9	349
93.95	426
94	443
94.05	418
94.1	454
94.15	475
94.2	473
94.25	425
94.3	436
94.35	448
94.4	437
94.45	387
94.5	369
94.55	344
94.6	361
94.65	348
94.7	353
94.75	317
94.8	303
94.85	269
94.9	291
94.95	259
95	244
95.05	240
95.1	195
95.15	180
95.2	174
95.25	168
95.3	171
95.35	137
95.4	139
95.45	133
95.5	130
95.55	133
95.6	138
95.65	111
95.7	100
95.75	97
95.8	101
95.85	96
95.9	100
95.95	97
96	79
96.05	80
96.1	85
96.15	86
96.2	69
96.25	73
96.3	77
96.35	74
96.4	81
96.45	77
96.5	80
96.55	57
96.6	77
96.65	75
96.7	62
96.75	70
96.8	56
96.85	68
96.9	67
96.95	60
97	66
97.05	51
97.1	47
97.15	59
97.2	44
97.25	51
97.3	49
97.35	54
97.4	48
97.45	60
97.5	54
97.55	67
97.6	56
97.65	48
97.7	50
97.75	57
97.8	60
97.85	59
97.9	50
97.95	54
98	53
98.05	62
98.1	53
98.15	54
98.2	62
98.25	51
98.3	38
98.35	59
98.4	58
98.45	44
98.5	47
98.55	62
98.6	48
98.65	53
98.7	46
98.75	46
98.8	54
98.85	45
98.9	52
98.95	58
99	40
99.05	48
99.1	62
99.15	43
99.2	70
99.25	55
99.3	52
99.35	41
99.4	50
99.45	55
99.5	45
99.55	52
99.6	72
99.65	44
99.7	58
99.75	53
99.8	53
99.85	47
99.9	52
99.95	48
100	36
100.05	60
100.1	51
100.15	36
100.2	48
100.25	57
100.3	43
100.35	40
100.4	44
100.45	35
100.5	57
100.55	45
100.6	58
100.65	49
100.7	42
100.75	51
100.8	41
100.85	46
100.9	50
100.95	38
101	65
101.05	63
101.1	38
101.15	44
101.2	50
101.25	57
101.3	56
101.35	44
101.4	49
101.45	60
101.5	50
101.55	51
101.6	67
101.65	58
101.7	56
101.75	50
101.8	47
101.85	41
101.9	62
101.95	46
102	50
102.05	47
102.1	53
102.15	51
102.2	57
102.25	54
102.3	55
102.35	41
102.4	55
102.45	50
102.5	53
102.55	48
102.6	56
102.65	63
102.7	56
102.75	61
102.8	71
102.85	66
102.9	66
102.95	59
103	55
103.05	53
103.1	60
103.15	64
103.2	78
103.25	68
103.3	65
103.35	65
103.4	72
103.45	76
103.5	66
103.55	70
103.6	87
103.65	79
103.7	71
103.75	77
103.8	86
103.85	71
103.9	68
103.95	92
104	93
104.05	77
104.1	102
104.15	104
104.2	85
104.25	106
104.3	108
104.35	114
104.4	106
104.45	109
104.5	123
104.55	133
104.6	105
104.65	141
104.7	140
104.75	168
104.8	124
104.85	146
104.9	148
104.95	200
105	149
105.05	166
105.1	205
105.15	190
105.2	203
105.25	240
105.3	250
105.35	257
105.4	229
105.45	277
105.5	279
105.55	236
105.6	263
105.65	270
105.7	296
105.75	293
105.8	297
105.85	293
105.9	264
105.95	283
106	278
106.05	298
106.1	269
106.15	277
106.2	304
106.25	240
106.3	227
106.35	236
106.4	251
106.45	236
106.5	217
106.55	229
106.6	213
106.65	204
106.7	179
106.75	172
106.8	188
106.85	162
106.9	139
106.95	156
107	142
107.05	151
107.1	113
107.15	124
107.2	127
107.25	145
107.3	114
107.35	124
107.4	104
107.45	118
107.5	109
107.55	103
107.6	107
107.65	98
107.7	95
107.75	99
107.8	106
107.85	84
107.9	105
107.95	77
108	77
108.05	95
108.1	96
108.15	82
108.2	85
108.25	80
108.3	76
108.35	86
108.4	93
108.45	76
108.5	69
108.55	103
108.6	86
108.65	79
108.7	71
108.75	66
108.8	86
108.85	72
108.9	63
108.95	73
109	79
109.05	69
109.1	88
109.15	85
109.2	82
109.25	78
109.3	71
109.35	80
109.4	77
109.45	75
109.5	73
109.55	78
109.6	88
109.65	71
109.7	76
109.75	79
109.8	83
109.85	81
109.9	87
109.95	72
110	71
110.05	74
110.1	78
110.15	93
110.2	78
110.25	83
110.3	75
110.35	65
110.4	96
110.45	94
110.5	88
110.55	102
110.6	90
110.65	110
110.7	85
110.75	84
110.8	102
110.85	95
110.9	131
110.95	101
111	120
111.05	103
111.1	127
111.15	114
111.2	127
111.25	136
111.3	136
111.35	147
111.4	145
111.45	135
111.5	163
111.55	147
111.6	179
111.65	171
111.7	183
111.75	169
111.8	216
111.85	174
111.9	182
111.95	228
112	208
112.05	214
112.1	233
112.15	234
112.2	270
112.25	252
112.3	285
112.35	282
112.4	288
112.45	327
112.5	301
112.55	337
112.6	356
112.65	337
112.7	379
112.75	369
112.8	372
112.85	406
112.9	375
112.95	411
113	367
113.05	404
113.1	427
113.15	376
113.2	424
113.25	365
113.3	405
113.35	377
113.4	404
113.45	346
113.5	332
113.55	334
113.6	326
113.65	341
113.7	339
113.75	298
113.8	310
113.85	309
113.9	270
113.95	243
114	283
114.05	238
114.1	270
114.15	220
114.2	241
114.25	200
114.3	208
114.35	235
114.4	207
114.45	188
114.5	187
114.55	184
114.6	177
114.65	177
114.7	162
114.75	160
114.8	162
114.85	152
114.9	126
114.95	146
115	158
115.05	160
115.1	147
115.15	126
115.2	136
115.25	122
115.3	149
115.35	124
115.4	136
115.45	117
115.5	134
115.55	137
115.6	123
115.65	131
115.7	122
115.75	124
115.8	148
115.85	116
115.9	115
115.95	108
116	130
116.05	136
116.1	101
116.15	110
116.2	108
116.25	95
116.3	117
116.35	127
116.4	101
116.45	90
116.5	82
116.55	93
116.6	83
116.65	86
116.7	75
116.75	87
116.8	89
116.85	93
116.9	78
116.95	86
117	81
117.05	77
117.1	86
117.15	72
117.2	99
117.25	81
117.3	78
117.35	75
117.4	72
117.45	84
117.5	71
117.55	75
117.6	81
117.65	72
117.7	75
117.75	71
117.8	67
117.85	72
117.9	73
117.95	76
118	84
118.05	75
118.1	77
118.15	72
118.2	72
118.25	66
118.3	57
118.35	51
118.4	66
118.45	61
118.5	71
118.55	57
118.6	63
118.65	57
118.7	64
118.75	70
118.8	77
118.85	74
118.9	64
118.95	56
119	65
119.05	74
119.1	75
119.15	61
119.2	70
119.25	64
119.3	62
119.35	57
119.4	71
119.45	64
119.5	73
119.55	75
119.6	63
119.65	42
119.7	54
119.75	63
119.8	61
119.85	48
119.9	63
119.95	65
120	67
120.05	68
120.1	55
120.15	62
120.2	60
120.25	60
120.3	65
120.35	64
120.4	71
120.45	67
120.5	69
120.55	62
120.6	62
120.65	86
120.7	72
120.75	72
120.8	61
120.85	62
120.9	73
120.95	51
121	72
121.05	65
121.1	84
121.15	80
121.2	68
121.25	67
121.3	66
121.35	62
121.4	66
121.45	79
121.5	75
121.55	70
121.6	63
121.65	67
121.7	84
121.75	69
121.8	66
121.85	83
121.9	92
121.95	55
122	84
122.05	69
122.1	72
122.15	68
122.2	79
122.25	84
122.3	86
122.35	72
122.4	73
122.45	80
122.5	83
122.55	65
122.6	80
122.65	77
122.7	87
122.75	88
122.8	95
122.85	89
122.9	102
122.95	96
123	98
123.05	77
123.1	78
123.15	102
123.2	90
123.25	80
123.3	107
123.35	101
123.4	87
123.45	107
123.5	104
123.55	103
123.6	109
123.65	104
123.7	105
123.75	151
123.8	119
123.85	125
123.9	126
123.95	124
124	121
124.05	110
124.1	138
124.15	141
124.2	149
124.25	164
124.3	163
124.35	179
124.4	177
124.45	188
124.5	158
124.55	179
124.6	186
124.65	175
124.7	211
124.75	211
124.8	198
124.85	226
124.9	237
124.95	232
125	238
125.05	232
125.1	258
125.15	289
125.2	280
125.25	319
125.3	314
125.35	317
125.4	300
125.45	329
125.5	278
125.55	374
125.6	337
125.65	384
125.7	378
125.75	393
125.8	415
125.85	393
125.9	418
125.95	419
126	491
126.05	444
126.1	454
126.15	424
126.2	464
126.25	439
126.3	439
126.35	402
126.4	431
126.45	450
126.5	408
126.55	430
126.6	443
126.65	388
126.7	373
126.75	440
126.8	381
126.85	364
126.9	374
126.95	367
127	346
127.05	342
127.1	295
127.15	285
127.2	263
127.25	278
127.3	292
127.35	273
127.4	265
127.45	261
127.5	243
127.55	237
127.6	206
127.65	222
127.7	210
127.75	222
127.8	219
127.85	193
127.9	177
127.95	179
128	173
128.05	195
128.1	157
128.15	180
128.2	161
128.25	167
128.3	174
128.35	148
128.4	139
128.45	152
128.5	125
128.55	157
128.6	143
128.65	131
128.7	102
128.75	123
128.8	120
128.85	122
128.9	123
128.95	121
129	130
129.05	102
129.1	107
129.15	95
129.2	111
129.25	95
129.3	111
129.35	121
129.4	101
129.45	96
129.5	101
129.55	75
129.6	115
129.65	102
129.7	99
129.75	112
129.8	118
129.85	89
129.9	89
129.95	103
130	79
130.05	91
130.1	82
130.15	109
130.2	96
130.25	89
130.3	90
130.35	97
130.4	80
130.45	79
130.5	75
130.55	67
130.6	78
130.65	102
130.7	86
130.75	80
130.8	88
130.85	97
130.9	85
130.95	95
131	83
131.05	73
131.1	95
131.15	87
131.2	86
131.25	89
131.3	93
131.35	74
131.4	85
131.45	98
131.5	103
131.55	85
131.6	76
131.65	95
131.7	88
131.75	73
131.8	76
131.85	76
131.9	76
131.95	95
132	94
132.05	97
132.1	96
132.15	83
132.2	90
132.25	98
132.3	75
132.35	98
132.4	100
132.45	98
132.5	96
132.55	89
132.6	106
132.65	83
132.7	108
132.75	99
132.8	94
132.85	112
132.9	114
132.95	93
133	110
133.05	105
133.1	91
133.15	106
133.2	138
133.25	132
133.3	108
133.35	116
133.4	121
133.45	128
133.5	122
133.55	116
133.6	125
133.65	143
133.7	135
133.75	124
133.8	149
133.85	126
133.9	143
133.95	161
134	144
134.05	139
134.1	165
134.15	172
134.2	141
134.25	145
134.3	157
134.35	165
134.4	154
134.45	163
134.5	165
134.55	167
134.6	191
134.65	189
134.7	187
134.75	179
134.8	184
134.85	182
134.9	166
134.95	198
135	188
135.05	181
135.1	196
135.15	207
135.2	190
135.25	186
135.3	206
135.35	199
135.4	195
135.45	191
135.5	202
135.55	204
135.6	197
135.65	182
135.7	180
135.75	196
135.8	160
135.85	186
135.9	179
135.95	174
136	186
136.05	181
136.1	178
136.15	166
136.2	184
136.25	167
136.3	170
136.35	169
136.4	185
136.45	150
136.5	173
136.55	167
136.6	165
136.65	165
136.7	147
136.75	130
136.8	127
136.85	131
136.9	144
136.95	139
137	160
137.05	155
137.1	124
137.15	143
137.2	134
137.25	125
137.3	143
137.35	159
137.4	123
137.45	157
137.5	118
137.55	112
137.6	124
137.65	132
137.7	130
137.75	129
137.8	134
137.85	111
137.9	120
137.95	116
138	135
138.05	125
138.1	98
138.15	140
138.2	128
138.25	108
138.3	129
138.35	123
138.4	114
138.45	134
138.5	112
138.55	117
138.6	129
138.65	118
138.7	109
138.75	109
138.8	117
138.85	115
138.9	96
138.95	112
139	109
139.05	102
139.1	104
139.15	114
139.2	116
139.25	106
139.3	101
139.35	103
139.4	111
139.45	121
139.5	96
139.55	117
139.6	96
139.65	93
139.7	106
139.75	89
139.8	108
139.85	108
139.9	111
139.95	105
140	113
140.05	90
140.1	99
140.15	96
140.2	90
140.25	87
140.3	85
140.35	103
140.4	101
140.45	68
140.5	93
140.55	84
140.6	103
140.65	87
140.7	84
140.75	81
140.8	86
140.85	83
140.9	88
140.95	78
141	81
141.05	73
141.1	95
141.15	68
141.2	82
141.25	60
141.3	55
141.35	75
141.4	98
141.45	68
141.5	83
141.55	86
141.6	78
141.65	90
141.7	73
141.75	72
141.8	89
141.85	64
141.9	61
141.95	68
142	63
142.05	79
142.1	66
142.15	72
142.2	72
142.25	92
142.3	70
142.35	69
142.4	73
142.45	75
142.5	76
142.55	63
142.6	79
142.65	93
142.7	66
142.75	73
142.8	82
142.85	55
142.9	73
142.95	80
143	80
143.05	63
143.1	67
143.15	72
143.2	78
143.25	67
143.3	69
143.35	59
143.4	79
143.45	65
143.5	81
143.55	71
143.6	55
143.65	75
143.7	67
143.75	56
143.8	61
143.85	71
143.9	70
143.95	73
144	58
144.05	70
144.1	58
144.15	52
144.2	70
144.25	70
144.3	78
144.35	55
144.4	74
144.45	75
144.5	55
144.55	58
144.6	65
144.65	81
144.7	69
144.75	66
144.8	85
144.85	62
144.9	72
144.95	62
145	68
145.05	66
145.1	79
145.15	60
145.2	62
145.25	63
145.3	66
145.35	75
145.4	64
145.45	65
145.5	72
145.55	55
145.6	63
145.65	60
145.7	77
145.75	61
145.8	77
145.85	75
145.9	66
145.95	74
146	66
146.05	64
146.1	64
146.15	79
146.2	50
146.25	81
146.3	61
146.35	68
146.4	68
146.45	65
146.5	75
146.55	74
146.6	67
146.65	67
146.7	72
146.75	70
146.8	73
146.85	77
146.9	62
146.95	79
147	83
147.05	64
147.1	85
147.15	65
147.2	78
147.25	80
147.3	59
147.35	80
147.4	69
147.45	74
147.5	70
147.55	86
147.6	82
147.65	72
147.7	73
147.75	70
147.8	71
147.85	66
147.9	64
147.95	73
148	65
148.05	75
148.1	81
148.15	77
148.2	88
148.25	67
148.3	84
148.35	74
148.4	75
148.45	75
148.5	74
148.55	72
148.6	99
148.65	83
148.7	68
148.75	77
148.8	84
148.85	75
148.9	79
148.95	92
149	77
149.05	77
149.1	60
149.15	100
149.2	76
149.25	79
149.3	90
149.35	79
149.4	72
149.45	79
149.5	78
149.55	92
149.6	83
149.65	76
149.7	85
149.75	83
149.8	96
149.85	101
149.9	92
149.95	106
150	77