#header

17.9682478278	491.0
18.0181449756	466.0
18.0681362766	483.0
18.1179474584	513.0
18.1678343721	475.0
18.2175391197	468.0
18.2671394799	478.0
18.3166170315	493.0
18.3660823023	545.0
18.4156621944	472.0
18.4657844913	504.0
18.5162588397	500.0
18.5666861114	478.0
18.6169066552	478.0
18.6671701821	493.0
18.7172965726	474.0
18.7674004483	492.0
18.817567775	486.0
18.8677739912	516.0
18.9178266966	496.0
18.9678671211	519.0
19.0178584221	434.0
19.0677965061	483.0
19.1176179219	451.0
19.1675253037	475.0
19.2172013959	521.0
19.2668385988	479.0
19.3163611802	485.0
19.3659042297	473.0
19.4154513729	523.0
19.4655511549	489.0
19.5159620521	499.0
19.5664097919	473.0
19.6166057741	478.0
19.6669634542	513.0
19.7170182064	509.0
19.7672326098	471.0
19.817330345	488.0
19.8675836378	507.0
19.9175790325	489.0
19.9676399251	438.0
20.0175718686	513.0
20.0676204804	463.0
20.1174562238	462.0
20.1673124354	500.0
20.2170028553	494.0
20.2666728071	498.0
20.3161421715	465.0
20.3656688465	491.0
20.4152671599	501.0
20.4653976441	494.0
20.5158331031	510.0
20.5662726556	488.0
20.6165709783	518.0
20.6667833349	532.0
20.7169117722	510.0
20.7670545373	547.0
20.8172075364	486.0
20.8673810036	495.0
20.9174337089	514.0
20.9674434313	510.0
21.0174244983	524.0
21.0674485483	552.0
21.1173088535	496.0
21.1671814395	514.0
21.2168145487	562.0
21.2664947346	531.0
21.3160480182	530.0
21.3655828805	580.0
21.4151218364	538.0
21.4652031971	546.0
21.5156529837	562.0
21.5661334725	601.0
21.6163785781	634.0
21.6666789475	609.0
21.7167787295	577.0
21.766993133	648.0
21.8170949618	641.0
21.8673318801	626.0
21.917302713	639.0
21.9673554184	701.0
22.0173364854	699.0
22.0673932844	725.0
22.1172658705	739.0
22.1671077543	726.0
22.2167961274	712.0
22.2664456111	808.0
22.3159149755	833.0
22.3654211824	868.0
22.4149887937	933.0
22.4651254183	956.0
22.5155874858	1051.0
22.5660352256	1108.0
22.6162373482	1210.0
22.6665172495	1336.0
22.7166456869	1371.0
22.7668150604	1686.0
22.8170089957	1792.0
22.8672274928	2043.0
22.9172781513	2401.0
22.9672694524	2787.0
23.0172402853	3472.0
23.0672315864	4035.0
23.1170939384	5057.0
23.1670217883	6301.0
23.2166958337	7737.0
23.2663248493	9479.0
23.3158310563	11543.0
23.3653249823	13284.0
23.4148373297	14789.0
23.4649227841	15224.0
23.5153889452	14420.0
23.5658837616	12930.0
23.6160940714	10896.0
23.6664190026	8775.0
23.7164798952	7001.0
23.7666595028	5643.0
23.8167490508	4503.0
23.8669614074	3454.0
23.9169813638	2714.0
23.9670443032	2278.0
24.0169967149	1923.0
24.0670207649	1666.0
24.1169015382	1379.0
24.166776171	1226.0
24.2164747782	1138.0
24.2661570108	1033.0
24.3156673114	1010.0
24.3651366758	847.0
24.4147206615	843.0
24.4648716138	835.0
24.515282511	749.0
24.5657343445	744.0
24.6159978713	677.0
24.6662593514	726.0
24.7164021164	692.0
24.7665489751	701.0
24.8166896933	612.0
24.8668877222	610.0
24.9169342871	597.0
24.9669440095	569.0
25.0168964212	575.0
25.0669102371	592.0
25.1167398401	570.0
25.1666492688	558.0
25.2163274078	547.0
25.2659584702	531.0
25.3154646772	535.0
25.3649995395	519.0
25.4145610103	512.0
25.4646444178	553.0
25.5150860172	526.0
25.5655583187	493.0
25.6157686285	507.0
25.6660812788	526.0
25.7161585459	462.0
25.7663258727	509.0
25.8164051866	544.0
25.8666830412	496.0
25.9167111848	484.0
25.9667823115	489.0
26.0167060678	503.0
26.0667260242	541.0
26.1165699549	552.0
26.1663852302	505.0
26.2161063523	536.0
26.26576607	522.0
26.3152845578	519.0
26.3648337478	469.0
26.4144197804	532.0
26.4645216092	484.0
26.5149406937	479.0
26.5653966207	489.0
26.6156499135	492.0
26.6659257212	515.0
26.7160623458	480.0
26.7662071577	496.0
26.8163478759	518.0
26.8665622793	478.0
26.9166149847	477.0
26.966657456	461.0
27.0166630847	501.0
27.0666502922	473.0
27.1165105974	462.0
27.16643026	446.0
27.2160817905	458.0
27.2656882912	483.0
27.3152252003	447.0
27.3647621094	493.0
27.4143624697	469.0
27.4645011411	463.0
27.5149366	415.0
27.565372059	452.0
27.6156048837	468.0
27.6659093468	451.0
27.7159866139	445.0
27.7661744087	464.0
27.8162905652	460.0
27.8665397644	436.0
27.9165679081	444.0
27.9666369879	421.0
28.0165505102	435.0
28.0665909347	477.0
28.1164430526	450.0
28.166311545	450.0
28.2160162926	455.0
28.265680104	455.0
28.3151883577	454.0
28.364670003	442.0
28.4142683164	481.0
28.4643906133	441.0
28.5147953701	483.0
28.5652574376	450.0
28.6155557602	443.0
28.6658131467	454.0
28.7159640989	450.0
28.7661641747	449.0
28.8162578163	437.0
28.8664435643	436.0
28.9164962697	456.0
28.9665407878	427.0
29.0165484634	477.0
29.0665499985	460.0
29.1164164441	468.0
29.1663074514	471.0
29.21597945	461.0
29.2656882912	409.0
29.3151822173	459.0
29.3647088924	460.0
29.4143235803	458.0
29.4644581581	427.0
29.5148874766	470.0
29.5653884335	432.0
29.6156048837	449.0
29.6658950191	485.0
29.7160377841	442.0
29.7662337662	459.0
29.8163560632	469.0
29.8665786538	462.0
29.9166538741	437.0
29.9667045327	436.0
30.016681506	420.0
30.0667423987	454.0
30.1165638144	477.0
30.1664896176	431.0
30.2162148332	438.0
30.2658336148	446.0
30.3153295877	484.0
30.36486445	498.0
30.4144852783	460.0
30.4646014348	471.0
30.5150942045	454.0
30.5655480847	473.0
30.6157890966	500.0
30.6661365427	452.0
30.7162465588	465.0
30.766452775	430.0
30.8165505102	444.0
30.8667997094	444.0
30.9168565083	472.0
30.9669521967	478.0
31.0169373574	449.0
31.066955267	465.0
31.1168176189	463.0
31.1666820177	464.0
31.2163888121	427.0
31.2660649044	501.0
31.3155915794	477.0
31.3651080204	468.0
31.4147104275	454.0
31.464869567	482.0
31.5152559025	507.0
31.5656995487	496.0
31.6159610287	479.0
31.6662368364	521.0
31.7163529929	519.0
31.7665162261	520.0
31.8166855997	526.0
31.8668590669	540.0
31.9169383808	533.0
31.9669665244	531.0
32.0169639659	547.0
32.0669777819	524.0
32.1168790233	543.0
32.1667884519	590.0
32.2164358888	562.0
32.266101747	609.0
32.3156222816	561.0
32.3651223481	572.0
32.4146960998	660.0
32.4647651797	652.0
32.5152108727	670.0
32.5657036423	682.0
32.6159405606	764.0
32.6662491173	784.0
32.7163652738	818.0
32.7666103794	862.0
32.8167265359	881.0
32.8669716414	1007.0
32.9170120659	1000.0
32.9671016139	1117.0
33.0170826809	1268.0
33.0671415267	1335.0
33.1170100191	1439.0
33.1669399159	1523.0
33.2166978805	1761.0
33.2663883004	1787.0
33.3159170223	1929.0
33.3654928208	1945.0
33.4151361641	1902.0
33.465258461	1963.0
33.5157287157	1839.0
33.5662317194	1919.0
33.6164993399	1740.0
33.6668222243	1624.0
33.7169813638	1500.0
33.7672244225	1385.0
33.8173160173	1283.0
33.8676266208	1161.0
33.9176261091	1133.0
33.9677136103	1075.0
34.0177008177	927.0
34.0678108338	893.0
34.1177038879	819.0
34.1675948953	809.0
34.2172996428	730.0
34.2669736883	710.0
34.3164778484	657.0
34.3660045235	629.0
34.4156192114	659.0
34.4657906317	604.0
34.5162649801	568.0
34.5667372816	561.0
34.6170028553	564.0
34.6672807098	561.0
34.7173477429	544.0
34.7675723803	569.0
34.8177642688	568.0
34.867980719	535.0
34.9179720201	545.0
34.9680103978	544.0
35.0180467287	516.0
35.0680687319	507.0
35.1179556456	502.0
35.1678855424	524.0
35.2175821027	531.0
35.2673052716	528.0
35.3168565083	508.0
35.3663749962	471.0
35.4159159989	532.0
35.4660915129	518.0
35.5165453931	495.0
35.567079099	528.0
35.617373328	507.0
35.6676511825	534.0
35.717757105	500.0
35.7679162445	556.0
35.8180405883	494.0
35.8682140554	543.0
35.9182995098	512.0
35.968364496	516.0
36.0183373758	513.0
36.068359379	497.0
36.118231965	504.0
36.1681475341	481.0
36.2178502349	495.0
36.2674997186	471.0
36.3170284404	514.0
36.3665633027	514.0
36.4161657098	501.0
36.4662941471	530.0
36.5167357465	522.0
36.5672203289	506.0
36.6174838558	498.0
36.667786272	470.0
36.7178676328	519.0
36.7680799894	524.0
36.8181715841	515.0
36.8684269237	512.0
36.9184673483	509.0
36.9685241472	510.0
37.0184417631	543.0
37.0685006089	549.0
37.1183752418	531.0
37.1682621555	551.0
37.2179812307	543.0
37.2676614166	533.0
37.317141015	542.0
37.3666615496	550.0
37.4162086928	574.0
37.4663166621	520.0
37.5167541678	572.0
37.5672510311	516.0
37.6175739154	517.0
37.6678497232	597.0
37.7179679265	518.0
37.7680861298	552.0
37.8182493629	593.0
37.8684617195	569.0
37.9185062377	550.0
37.9685323345	571.0
38.0185174951	538.0
38.0685128898	573.0
38.1183486332	515.0
38.1682007512	547.0
38.2178133923	544.0
38.267462876	538.0
38.3169977383	563.0
38.3665223665	516.0
38.416012199	533.0
38.4660464831	513.0
38.5164225845	576.0
38.5668478094	530.0
38.6170540256	571.0
38.6673912376	530.0
38.717486926	551.0
38.7676788145	503.0
38.8177806433	580.0
38.8680359829	596.0
38.9180068159	559.0
38.9680390531	580.0
39.0179935116	563.0
39.0679991403	561.0
39.117865586	607.0
39.1677074698	617.0
39.217373328	570.0
39.2670105308	582.0
39.3165187846	628.0
39.3660434129	592.0
39.4155659943	612.0
39.4656985253	583.0
39.5161319374	585.0
39.5666165198	606.0
39.6169025616	623.0
39.6671579012	622.0
39.7172945258	623.0
39.7674598058	666.0
39.8176025708	617.0
39.8678272083	692.0
39.9178840072	685.0
39.9679203381	644.0
40.0179177796	703.0
40.0679500169	722.0
40.1178533051	737.0
40.1677852486	789.0
40.2174961366	813.0
40.2671947438	847.0
40.3167664487	822.0
40.3662808429	874.0
40.4158116116	992.0
40.465917534	1018.0
40.5163468525	1094.0
40.5668539498	1205.0
40.617092915	1309.0
40.6674219398	1409.0
40.7175483303	1644.0
40.7677340784	1743.0
40.8178420476	2011.0
40.8680769191	2284.0
40.9181173436	2499.0
40.9681761895	2736.0
41.0181286011	3008.0
41.068175166	3367.0
41.1180006754	3629.0
41.1678548402	3837.0
41.217535026	3951.0
41.2671845097	3931.0
41.3166518273	4007.0
41.3661703151	3584.0
41.4157174583	3503.0
41.4658458956	3144.0
41.5162670269	2782.0
41.5667782178	2577.0
41.6170376511	2247.0
41.6673195992	1966.0
41.7174603175	1706.0
41.7676092229	1479.0
41.8177253794	1386.0
41.8679663914	1232.0
41.9180211436	1077.0
41.968051334	1012.0
42.0180426351	961.0
42.0680298425	866.0
42.1178553519	837.0
42.1677279379	751.0
42.2174081238	771.0
42.2670862628	731.0
42.3166088443	645.0
42.3661457534	633.0
42.4156765221	598.0
42.4658274743	601.0
42.5162567929	567.0
42.5667618434	581.0
42.6170130894	577.0
42.6673339269	510.0
42.7174828324	569.0
42.7676562996	502.0
42.8177826901	524.0
42.8679868595	550.0
42.9180211436	553.0
42.9681413937	539.0
43.018140882	507.0
43.0681587916	515.0
43.117984301	485.0
43.1679121509	473.0
43.2175861963	491.0
43.2672070247	510.0
43.3167377933	477.0
43.3662808429	523.0
43.4158423137	477.0
43.4659461894	506.0
43.5164021164	428.0
43.5668600903	480.0
43.6171092894	507.0
43.6674321738	477.0
43.7175524239	466.0
43.7677504529	467.0
43.817880937	450.0
43.8681546979	472.0
43.918178748	441.0
43.9682437342	487.0
44.0181961459	446.0
44.0682222427	437.0
44.1181337181	458.0
44.1679817424	487.0
44.2176619283	485.0
44.267344161	438.0
44.3168544615	472.0
44.3663749962	486.0
44.4159405606	471.0
44.4661263087	508.0
44.5165494868	454.0
44.5670299755	472.0
44.617373328	467.0
44.6676491357	486.0
44.7178041816	467.0
44.7679940233	450.0
44.8181470224	451.0
44.8683225364	488.0
44.9183629609	453.0
44.9683726833	477.0
45.0183987801	461.0
45.0684085025	476.0
45.1182810885	474.0
45.1681454873	472.0
45.2177929242	442.0
45.2674997186	473.0
45.3170898447	449.0
45.3666247071	411.0
45.4161554757	473.0
45.4662532109	444.0
45.5167070912	446.0
45.567230563	449.0
45.6174736217	437.0
45.6678149274	476.0
45.7179556456	455.0
45.7681639086	494.0
45.8182821119	445.0
45.8685476856	469.0
45.918567642	444.0
45.9686469559	463.0
46.0186177888	440.0
46.0686827751	473.0
46.1185369398	440.0
46.1684484153	470.0
46.2181859118	472.0
46.2678435827	463.0
46.3173477429	513.0
46.3668805584	435.0
46.4163908589	464.0
46.4664640324	440.0
46.5169690829	475.0
46.5674618526	488.0
46.6177315199	486.0
46.6680769191	466.0
46.7182176374	494.0
46.7684443216	472.0
46.8185481973	527.0
46.8688199114	505.0
46.9188501018	498.0
46.9689560243	511.0
47.0189534658	563.0
47.0690020775	538.0
47.1188501018	585.0
47.1687247347	583.0
47.2184192482	602.0
47.2681342298	655.0
47.3176629517	667.0
47.3671691587	742.0
47.4166241953	757.0
47.4667771944	751.0
47.5171942321	797.0
47.5676992826	901.0
47.6180037457	893.0
47.6682979747	1034.0
47.7184325525	1095.0
47.7685896452	1181.0
47.818767206	1238.0
47.8689283923	1256.0
47.9189729105	1341.0
47.9690153818	1291.0
48.0190496659	1282.0
48.0690532478	1352.0
48.1188992253	1231.0
48.1688025135	1218.0
48.2184601844	1233.0
48.2681260426	1139.0
48.3176445304	995.0
48.3671568778	983.0
48.4166651316	818.0
48.466771054	796.0
48.5172024193	743.0
48.5677197507	732.0
48.617946435	696.0
48.6682631789	639.0
48.7183588673	600.0
48.7685609898	620.0
48.8186689591	614.0
48.8689611413	501.0
48.9190036126	514.0
48.9690645052	541.0
49.019004636	477.0
49.0690471073	498.0
49.1188951317	494.0
49.1687738581	496.0
49.2185256824	524.0
49.2681813065	420.0
49.3176977475	483.0
49.3672510311	453.0
49.4167777061	449.0
49.4668693009	441.0
49.5172945258	472.0
49.5677852486	446.0
49.618075384	449.0
49.668359379	409.0
49.7184878164	418.0
49.768634675	479.0
49.8187631124	435.0
49.8690368733	464.0
49.9191039063	445.0
49.9691115819	405.0
50.0190906021	412.0
50.0690880436	440.0
50.11896677	477.0
50.1688332156	448.0
50.2185154483	443.0
50.2681628852	433.0
50.3177161688	440.0
50.3672653588	427.0
50.4167306295	464.0
50.4668426924	459.0
50.5172638236	436.0
50.5677934359	438.0
50.6180631032	434.0
50.6683900812	423.0
50.7185267058	406.0
50.7686735644	410.0
50.8188715933	429.0
50.8691248861	422.0
50.9191816851	469.0
50.9692282501	419.0
51.0191970362	400.0
51.0692517884	429.0
51.1191018595	447.0
51.1690317563	483.0
51.2187098953	443.0
51.2683552854	415.0
51.3178942413	446.0
51.3674393377	433.0
51.4169025616	433.0
51.4669900627	464.0
51.5174705515	418.0
51.5679837893	460.0
51.6182370821	446.0
51.6685702005	417.0
51.7186474676	432.0
51.768872105	426.0
51.8189841679	438.0
51.8692333671	455.0
51.9192410426	467.0
51.9693490119	447.0
52.019317798	435.0
52.0693295672	421.0
52.1191980596	444.0
52.1690194754	464.0
52.2187078485	412.0
52.2684125961	448.0
52.3179413179	452.0
52.3674659462	462.0
52.4169639659	477.0
52.4671046841	505.0
52.5175114877	441.0
52.5679919765	463.0
52.618259597	524.0
52.6685476856	471.0
52.7187313868	483.0
52.7689028072	550.0
52.8190414786	466.0
52.8692476948	524.0
52.9193167746	519.0
52.9693490119	568.0
53.0193362193	585.0
53.0693500353	525.0
53.1192287618	635.0
53.1691361436	644.0
53.2187958613	671.0
53.268445345	656.0
53.3179863478	674.0
53.3675171165	690.0
53.4170110425	804.0
53.4671394799	781.0
53.5176342964	813.0
53.5681475341	896.0
53.6184049205	926.0
53.6687748815	949.0
53.7189074125	1014.0
53.769089067	1073.0
53.8192195511	1077.0
53.8694810312	1137.0
53.919539877	1103.0
53.9696171441	1143.0
54.0195736494	1145.0
54.0696365888	1162.0
54.1194457237	1163.0
54.1693633396	1128.0
54.2190987893	1202.0
54.2687359921	1141.0
54.3182401523	1123.0
54.367813904	1056.0
54.4173221577	1075.0
54.4674751568	967.0
54.5179106158	965.0
54.5683501684	893.0
54.6186300697	866.0
54.6689611413	869.0
54.7190998127	782.0
54.7692773735	740.0
54.81939353	688.0
54.8696038398	709.0
54.9196299367	676.0
54.969715391	666.0
55.019696458	635.0
55.0697061803	559.0
55.1195890004	576.0
55.169477961	552.0
55.2191929426	591.0
55.2688935966	520.0
55.3184632546	469.0
55.3680001637	464.0
55.4174777154	509.0
55.4676000123	454.0
55.517994535	482.0
55.5684668366	437.0
55.6186976144	446.0
55.6689816094	434.0
55.7191366553	459.0
55.7693142161	409.0
55.8194876833	410.0
55.8697307421	408.0
55.9198346177	466.0
55.9698504805	433.0
56.0198090326	454.0
56.069828989	457.0
56.119701575	403.0
56.1696253313	414.0
56.219350547	403.0
56.2690471073	413.0
56.3186372335	454.0
56.3681823299	372.0
56.4176312261	409.0
56.467667557	422.0
56.5180968755	421.0
56.568601926	414.0
56.6188572657	435.0
56.6692333671	375.0
56.71934543	390.0
56.7695455057	388.0
56.8196289132	411.0
56.8699170018	413.0
56.9199430987	395.0
56.9700449275	369.0
57.019976871	407.0
57.0700786999	394.0
57.1199574263	389.0
57.1698627614	389.0
57.2195982111	401.0
57.2692927246	414.0
57.3188521486	381.0
57.3684504621	420.0
57.4179525754	393.0
57.468003234	385.0
57.5184427865	404.0
57.5689355562	367.0
57.619199083	426.0
57.6694810312	405.0
57.7196197026	355.0
57.769823872	390.0
57.8199420753	456.0
57.8701830872	409.0
57.9201969032	393.0
57.9702618894	405.0
58.0202941267	396.0
58.070346832	399.0
58.1202705884	353.0
58.1701656893	429.0
58.2199297944	421.0
58.2696591037	382.0
58.3191960128	407.0
58.3687165474	413.0
58.4181163202	420.0
58.4681403703	429.0
58.5185369398	457.0
58.5690706457	416.0
58.6193341725	389.0
58.6696243079	422.0
58.7197977751	410.0
58.7699384933	432.0
58.8201242414	421.0
58.8703591129	442.0
58.9204609417	428.0
58.9705443493	393.0
59.0205786333	433.0
59.0705678876	478.0
59.1204077247	499.0
59.1703621831	497.0
59.220118101	481.0
59.2698433167	480.0
59.3194334428	557.0
59.3689928669	569.0
59.4183864992	552.0
59.4683716599	556.0
59.5188357742	572.0
59.5693346842	620.0
59.6195838834	631.0
59.6699395167	619.0
59.7200454392	637.0
59.7702291404	639.0
59.8203350629	651.0
59.8706251983	651.0
59.9206922313	655.0
59.9708022474	586.0
60.0208037825	557.0
60.0709260794	527.0
60.1208273208	561.0
60.17083909	550.0
60.2206400377	541.0
60.270336598	510.0
60.3199001156	501.0
60.3694697737	449.0
60.418885921	450.0
60.4686848219	493.0
60.5190772978	444.0
60.5695905355	466.0
60.6199359348	391.0
60.6702301638	424.0
60.7203156182	429.0
60.7705177407	451.0
60.8206318504	468.0
60.8709178922	458.0
60.9209910657	402.0
60.9711235967	430.0
61.0210964764	422.0
61.0711594158	448.0
61.1210893126	393.0
61.1710478647	428.0
61.2209245443	428.0
61.2706722749	434.0
61.3202337458	391.0
61.3697727017	430.0
61.4189882615	438.0
61.4687503198	393.0
61.519042502	403.0
61.5695843951	394.0
61.6199052327	406.0
61.670250632	407.0
61.7204159119	453.0
61.7705545833	428.0
61.8206973484	447.0
61.8709690625	426.0
61.9211302488	419.0
61.9711829542	404.0
62.0211722084	438.0
62.0712146797	372.0
62.1211629978	435.0
62.1712238904	375.0
62.2210821487	395.0
62.2708892368	369.0
62.3205387205	435.0
62.3701882042	429.0
62.4195040578	412.0
62.4691146521	412.0
62.5193802258	406.0
62.5698525273	413.0
62.620128335	423.0
62.6705494663	401.0
62.7207126994	392.0
62.7709086815	412.0
62.8210227912	459.0
62.8713211139	454.0
62.9214127086	443.0
62.971530912	437.0
63.0215140258	406.0
63.0716322291	422.0
63.121560079	406.0
63.1716291589	450.0
63.2214567151	414.0
63.2711839776	489.0
63.3207884314	399.0
63.3703765108	459.0
63.4196596154	445.0
63.4693541289	453.0
63.5196933878	461.0
63.5701656893	430.0
63.6205110886	487.0
63.670876956	457.0
63.7210545168	471.0
63.7713303245	486.0
63.8213912171	474.0
63.8716076674	500.0
63.9216071556	524.0
63.9717130781	560.0
64.0217678303	531.0
64.0718962676	546.0
64.1218548197	549.0
64.1718747761	584.0
64.2217535026	658.0
64.2715155609	658.0
64.3210811253	607.0
64.3707387963	664.0
64.4200403222	714.0
64.4696222611	772.0
64.5199594732	789.0
64.5705095535	846.0
64.6208324379	890.0
64.6711491818	961.0
64.7213901937	1019.0
64.7715984567	993.0
64.8216613961	1094.0
64.8718123484	1116.0
64.921981722	1141.0
64.9721040189	1117.0
65.0221833328	1173.0
65.0722769744	1201.0
65.1221925435	1193.0
65.1721777041	1200.0
65.2221096476	1224.0
65.2720252167	1143.0
65.3216296706	1067.0
65.3712238904	1085.0
65.4205336035	985.0
65.4700152487	1021.0
65.5202767288	961.0
65.5708677453	912.0
65.6212254255	844.0
65.6716424631	774.0
65.7219694411	769.0
65.7722063594	713.0
65.8222652052	691.0
65.8724386724	649.0
65.9226019056	603.0
65.9726730322	600.0
66.0226111162	572.0
66.0726535875	571.0
66.1226100928	505.0
66.1727815132	532.0
66.2226070226	556.0
66.2724161575	514.0
66.322100437	477.0
66.3717847165	511.0
66.421123085	477.0
66.4704594066	454.0
66.5206267334	442.0
66.5711870478	438.0
66.6215406343	456.0
66.6720149827	429.0
66.7220861093	443.0
66.7724130873	398.0
66.8224739799	403.0
66.8728296133	416.0
66.9231197487	407.0
66.9733095903	412.0
67.0233397808	409.0
67.0734006734	392.0
67.1233264765	384.0
67.173518365	425.0
67.2234482617	381.0
67.2731939455	434.0
67.3228761782	358.0
67.3725850194	393.0
67.4219663709	359.0
67.4713313479	398.0
67.5214556917	390.0
67.5721551892	402.0
67.6224698863	385.0
67.6729360474	403.0
67.7232016211	356.0
67.7735060841	413.0
67.8235546959	361.0
67.8737424908	411.0
67.9238852558	410.0
67.973950242	418.0
68.0238699047	371.0
68.0739144229	395.0
68.1236703407	364.0
68.1736575481	362.0
68.2236038193	381.0
68.2734743586	374.0
68.3232712126	395.0
68.3729432112	356.0
68.4223184223	338.0
68.4716486036	401.0
68.5216767472	419.0
68.5723005127	348.0
68.6228526399	408.0
68.673318801	388.0
68.723645779	378.0
68.7739338676	363.0
68.8239333558	353.0
68.874129338	356.0
68.9242147923	372.0
68.9742838722	388.0
69.024234237	389.0
69.0744261255	384.0
69.1245115798	392.0
69.174480366	370.0
69.2245576331	403.0
69.2744916234	381.0
69.3243867244	403.0
69.3741160337	382.0
69.4234052787	408.0
69.4726801961	411.0
69.5227083397	381.0
69.5733341521	421.0
69.6237675642	395.0
69.6741416188	376.0
69.7244112861	391.0
69.7746645789	380.0
69.8247295652	404.0
69.8751159006	412.0
69.9252525253	394.0
69.9754239456	397.0
70.025443902	409.0
70.0757360842	410.0
70.1257396662	403.0
70.1759192738	402.0
70.2259453706	384.0
70.2758998291	397.0
70.325665981	384.0
70.3753154647	409.0
70.4246047097	378.0
70.4739328441	387.0
70.5238197579	405.0
70.5743268552	393.0
70.6247029566	396.0
70.6750831517	386.0
70.7253937552	378.0
70.7757473417	393.0
70.8257775322	407.0
70.8762027571	347.0
70.9265788585	398.0
70.9767257172	372.0
71.0266638011	389.0
71.0768249875	396.0
71.126799914	379.0
71.1769877089	365.0
71.2269708227	367.0
71.2768700173	375.0
71.3265849989	375.0
71.3762058273	362.0
71.4254623233	400.0
71.4748006918	376.0
71.5247919929	395.0
71.5752192646	375.0
71.6255830852	355.0
71.6759039227	363.0
71.7261224197	344.0
71.7764350701	383.0
71.8265266648	349.0
71.8768863918	360.0
71.9271724336	335.0
71.9773725093	338.0
72.0273433422	358.0
72.0775782137	350.0
72.1275510935	357.0
72.1777020458	367.0
72.2276851596	363.0
72.2775986819	366.0
72.3273095699	366.0
72.3769713344	353.0
72.4262810476	372.0
72.4755047947	425.0
72.5254756276	345.0
72.5760154739	318.0
72.6264693541	393.0
72.6768290811	352.0
72.7270926079	336.0
72.7773520412	359.0
72.8273474359	348.0
72.877629384	376.0
72.9279318003	377.0
72.9781707654	361.0
73.0281375047	346.0
73.0783232528	417.0
73.1283104602	389.0
73.1784266167	377.0
73.2285038838	356.0
73.2785279338	384.0
73.3283739114	385.0
73.3780418163	379.0
73.4275234616	359.0
73.4767963321	391.0
73.5266730118	348.0
73.577278356	372.0
73.6277772661	428.0
73.6782188655	379.0
73.7285171881	406.0
73.7788400725	417.0
73.8289459949	426.0
73.8792954878	392.0
73.929620419	422.0
73.9797713713	425.0
74.0297626723	412.0
74.079876782	395.0
74.1298496618	467.0
74.1799658183	429.0
74.2297647191	439.0
74.2793957815	432.0
74.3288815204	447.0
74.3783733997	436.0
74.42783253	485.0
74.4778279246	492.0
74.5277230256	482.0
74.5782342165	493.0
74.628577569	492.0
74.6789659513	510.0
74.7291578398	522.0
74.7793906645	523.0
74.8295006806	591.0
74.8798788288	555.0
74.9301116535	532.0
74.9803424314	567.0
75.0303787623	594.0
75.0805174337	542.0
75.130408441	612.0
75.180336291	552.0
75.2299612129	568.0
75.2795370115	586.0
75.3290104694	617.0
75.3785023487	564.0
75.4279901344	525.0
75.4781226654	580.0
75.5285376562	567.0
75.5791327664	566.0
75.6294843061	538.0
75.6799340927	487.0
75.730128028	532.0
75.7803751804	512.0
75.8305261327	510.0
75.8808346893	478.0
75.9308505521	483.0
75.9809216788	489.0
76.030835201	468.0
76.0808469702	464.0
76.1307154626	445.0
76.1805634869	452.0
76.2301577068	433.0
76.2797498797	431.0
76.3291946824	413.0
76.3786497191	409.0
76.4281272707	423.0
76.4783191592	425.0
76.5287628054	389.0
76.5792658091	408.0
76.6296214424	399.0
76.6799995906	378.0
76.7302344621	406.0
76.7804898018	389.0
76.830663269	378.0
76.8809513575	343.0
76.9309365182	370.0
76.9809462405	314.0
77.0308802309	351.0
77.0807957999	346.0
77.1306458711	384.0
77.1805102699	362.0
77.2300922088	359.0
77.279715084	366.0
77.3291844483	339.0
77.3786579063	352.0
77.4281313643	358.0
77.4783089251	329.0
77.5288180692	324.0
77.57937429	312.0
77.6296951276	319.0
77.6801223993	376.0
77.7303879729	331.0
77.7806289849	347.0
77.8308024521	358.0
77.8810475576	373.0
77.9311227779	331.0
77.9811550152	344.0
78.0310971928	343.0
78.0811110088	365.0
78.1309549395	323.0
78.1808643681	324.0
78.2305486476	333.0
78.2801592419	339.0
78.3296470275	351.0
78.3791327664	359.0
78.4286246456	362.0
78.4787080532	338.0
78.5292294782	337.0
78.5797468095	365.0
78.6300451322	350.0
78.6805071997	371.0
78.7307031818	321.0
78.7809482873	343.0
78.8311012864	376.0
78.8813955154	375.0
78.9313909101	343.0
78.981470224	362.0
79.0313837463	379.0
79.081389375	381.0
79.1312312589	366.0
79.1810956577	371.0
79.2307349073	402.0
79.2803332208	417.0
79.3297862106	377.0
79.3792473878	418.0
79.4287147053	423.0
79.4789188747	426.0
79.5293952698	433.0
79.5798921331	452.0
79.6302436728	398.0
79.6806627573	438.0
79.7309119564	418.0
79.7811365939	423.0
79.8313141547	407.0
79.8815776816	432.0
79.9315792167	467.0
79.981654437	434.0
80.031602755	438.0
80.0815469794	386.0
80.1314175187	441.0
80.1812860111	443.0
80.2308843245	447.0
80.2805112933	379.0
80.3299704236	422.0
80.3794643497	438.0
80.4289111991	425.0
80.4791071812	425.0
80.5295958573	428.0
80.5801561716	378.0
80.6305077114	360.0
80.6809267958	410.0
80.7311964631	395.0
80.7814047261	378.0
80.8316170827	353.0
80.8818048775	383.0
80.9318637234	397.0
80.9819061947	370.0
81.0318442787	359.0
81.0818253457	365.0
81.1316958849	352.0
81.1815746114	367.0
81.2311872525	350.0
81.2807753318	321.0
81.3302078536	333.0
81.3796608435	365.0
81.4291363483	369.0
81.4793200495	320.0
81.5298537554	332.0
81.5803321974	365.0
81.6306591753	370.0
81.681086447	337.0
81.7312803823	302.0
81.7815193475	308.0
81.8316948615	299.0
81.8819911373	313.0
81.9319599234	331.0
81.9820269565	301.0
82.0319568532	320.0
82.0819768096	312.0
82.1318330212	314.0
82.1816523902	319.0
82.2312670781	287.0
82.2809124681	315.0
82.3303613644	329.0
82.3797938862	285.0
82.4292386888	321.0
82.4794756071	316.0
82.5299847513	308.0
82.5805041294	313.0
82.6308638564	339.0
82.6812645196	339.0
82.7314932506	330.0
82.7817219817	313.0
82.8319200106	325.0
82.8821876311	317.0
82.932191213	314.0
82.9822623397	305.0
83.0322352195	304.0
83.0822040056	328.0
83.1320213278	319.0
83.1818693521	294.0
83.2314574315	341.0
83.2810905407	336.0
83.3305701391	325.0
83.3800292694	315.0
83.4294883997	277.0
83.4796864286	330.0
83.5302180877	327.0
83.5807517935	361.0
83.6310480693	310.0
83.6814589666	326.0
83.7316979317	379.0
83.7818898202	331.0
83.8321021768	329.0
83.882318627	310.0
83.9323610983	330.0
83.9824158505	370.0
84.0323784962	360.0
84.0823554696	365.0
84.1321789322	345.0
84.1820556118	357.0
84.2316539253	386.0
84.2812092557	378.0
84.3306663392	393.0
84.3801131886	383.0
84.4295784594	410.0
84.4797764883	385.0
84.5303061005	398.0
84.5807906829	470.0
84.6311156141	400.0
84.6815654007	426.0
84.731726587	424.0
84.7819512245	403.0
84.8321226449	436.0
84.8824004994	425.0
84.9323958941	381.0
84.9824363186	396.0
85.0323682622	383.0
85.0823309079	410.0
85.132180979	395.0
85.1820146756	416.0
85.2315884273	369.0
85.2811785535	371.0
85.3306172157	401.0
85.3800702056	392.0
85.4295436636	378.0
85.4797969564	380.0
85.5302590239	340.0
85.5807722616	344.0
85.631095146	353.0
85.6814732942	374.0
85.7317183998	345.0
85.7818939138	323.0
85.8321246917	327.0
85.8823841249	301.0
85.9324429707	313.0
85.9824383654	329.0
86.0323744026	316.0
86.0823227206	337.0
86.1321727917	311.0
86.1820330969	326.0
86.231635504	280.0
86.2812338174	311.0
86.3306847605	304.0
86.3801807334	339.0
86.4296623786	330.0
86.4798030968	314.0
86.5303081473	303.0
86.5808643681	275.0
86.6311667844	317.0
86.6816247582	291.0
86.7318391616	326.0
86.7820637991	321.0
86.8322863897	276.0
86.8826420231	309.0
86.9326722135	293.0
86.9827638083	307.0
87.0326691433	333.0
87.082664538	285.0
87.1325146091	282.0
87.1824178973	303.0
87.2320591938	272.0
87.2816636476	301.0
87.3311473397	311.0
87.3806617339	289.0
87.4301802217	333.0
87.4804069059	282.0
87.5309835948	287.0
87.5814968326	324.0
87.6318197169	311.0
87.6822613163	294.0
87.7324429707	328.0
87.7826450933	280.0
87.8328103732	300.0
87.883139398	288.0
87.9330979501	305.0
87.9831158597	292.0
88.0330191479	318.0
88.0830022617	289.0
88.1328584733	298.0
88.182669655	290.0
88.2322352195	315.0
88.2818499074	296.0
88.3312988036	314.0
88.3807620276	272.0
88.4302395792	289.0
88.4804662634	315.0
88.5309324245	317.0
88.58145999	331.0
88.6318319978	308.0
88.6822019588	312.0
88.7324225026	286.0
88.782626672	316.0
88.8328594967	336.0
88.8831250704	335.0
88.9331880098	319.0
88.983210013	335.0
89.0331972204	340.0
89.0831537257	360.0
89.1330570139	300.0
89.1828927574	334.0
89.232456275	355.0
89.2820545884	316.0
89.3315362337	359.0
89.380995364	347.0
89.4304708688	358.0
89.4806770849	342.0
89.5311882759	355.0
89.5817281222	323.0
89.6320530533	413.0
89.682480325	342.0
89.7327172434	362.0
89.7829377872	362.0
89.8331133012	335.0
89.8833645472	315.0
89.9333947377	337.0
89.9834269749	338.0
90.0333548248	328.0
90.0833133769	335.0
90.133153214	334.0
90.1830135192	344.0
90.2326282071	319.0
90.2822224269	334.0
90.3316385742	308.0
90.3811099854	329.0
90.4306387072	351.0
90.4808694851	309.0
90.5314093314	317.0
90.5819000542	286.0
90.6322024705	321.0
90.682631789	331.0
90.7328687073	315.0
90.7830708299	294.0
90.8332156417	261.0
90.883518058	312.0
90.9335462016	297.0
90.9836152815	307.0
91.0335431314	281.0
91.0835078239	306.0
91.1333578951	277.0
91.1832059194	278.0
91.2328206073	295.0
91.2824414356	264.0
91.3318555361	322.0
91.3812880579	278.0
91.4307778904	278.0
91.4810352768	274.0
91.5315178124	273.0
91.5820228629	260.0
91.6323150451	303.0
91.6827013806	308.0
91.7329546734	273.0
91.783134281	270.0
91.8333630121	266.0
91.8836183517	279.0
91.9336731039	302.0
91.983750371	295.0
92.0337580465	304.0
92.0836879433	273.0
92.1335564357	285.0
92.1834290217	301.0
92.2330191479	307.0
92.2826031337	290.0
92.3320704512	289.0
92.3815377688	300.0
92.4310091799	299.0
92.4812092557	305.0
92.5317286339	297.0
92.5822418716	305.0
92.6325238198	294.0
92.6829899809	290.0
92.7332146183	333.0
92.78340446	317.0
92.8335717868	339.0
92.8838209859	320.0
92.933845036	334.0
92.9839161626	333.0
93.0338133104	351.0
93.0837923306	346.0
93.1336424017	296.0
93.1835375027	307.0
93.2331624247	361.0
93.2827586913	357.0
93.332180979	334.0
93.3816155476	364.0
93.4311156141	336.0
93.4813689069	365.0
93.5318944255	339.0
93.5823933356	355.0
93.6327448753	397.0
93.6831598661	397.0
93.7333845036	383.0
93.7836173283	370.0
93.8337887487	399.0
93.8840727436	392.0
93.934082466	382.0
93.984149499	392.0
94.0340978171	439.0
94.0840727436	422.0
94.1339371424	407.0
94.183750371	435.0
94.2333241227	398.0
94.2829756532	434.0
94.3324306899	386.0
94.381859118	396.0
94.4313284824	398.0
94.4815326517	389.0
94.5320213278	402.0
94.5825488932	387.0
94.6328472158	376.0
94.6832499258	376.0
94.7334827505	386.0
94.7836664518	396.0
94.8338665275	385.0
94.8840911649	367.0
94.9341090745	383.0
94.9841290309	389.0
95.0341612682	358.0
95.0841750842	361.0
95.1339719382	341.0
95.1838076817	352.0
95.2334039483	347.0
95.2829613255	282.0
95.3324163622	332.0
95.381891867	335.0
95.4314021676	341.0
95.4815694943	297.0
95.5321461832	267.0
95.5826430465	293.0
95.6329147606	292.0
95.6832970024	297.0
95.7335011718	300.0
95.7837462774	290.0
95.8339095105	296.0
95.8842283012	279.0
95.9342400704	285.0
95.9843275716	288.0
96.03428203	287.0
96.0843081269	275.0
96.1341438703	277.0
96.1839570989	275.0
96.2335615527	251.0
96.2831475853	267.0
96.3325842007	278.0
96.3820126288	247.0
96.4315045081	277.0
96.4817516605	260.0
96.5322833195	292.0
96.5827658551	248.0
96.6331030671	270.0
96.6834443728	277.0
96.7336710571	255.0
96.783869086	239.0
96.8340753022	253.0
96.8843122205	255.0
96.9343546918	252.0
96.9843971631	263.0
97.0343782301	271.0
97.084328595	238.0
97.1342155087	272.0
97.1840655798	246.0
97.2335943017	237.0
97.2832110364	268.0
97.3326742603	252.0
97.3821252034	237.0
97.4316191295	228.0
97.4818417201	246.0
97.532342677	210.0
97.5828456807	230.0
97.633148097	250.0
97.6835569474	222.0
97.7337549763	218.0
97.7839570989	209.0
97.8341796895	220.0
97.8844739185	232.0
97.9345204835	230.0
97.9845527207	241.0
98.0345010388	225.0
98.0845046207	229.0
98.1343260365	225.0
98.1841679203	245.0
98.2337662338	244.0
98.283366594	255.0
98.3328093498	239.0
98.3822950887	225.0
98.431872934	230.0
98.4820464012	199.0
98.5325575921	208.0
98.5830953916	240.0
98.6334162292	227.0
98.6838250796	226.0
98.7340046872	211.0
98.7842190906	213.0
98.8343823237	282.0
98.8846990677	218.0
98.9347046964	229.0
98.9847696826	212.0
99.0346934389	220.0
99.0846826932	213.0
99.1345552792	244.0
99.1843930695	214.0
99.2340098042	229.0
99.2836060708	202.0
99.3330488267	232.0
99.3825120506	210.0
99.4319855086	226.0
99.4822162865	224.0
99.5326844944	208.0
99.5832059194	254.0
99.6335288037	234.0
99.6839274201	238.0
99.7341663852	212.0
99.7843132439	248.0
99.834509226	236.0
99.8847829869	236.0
99.9348111306	255.0
99.9848044784	223.0
100.034787592	237.0
100.084746144	229.0
100.134614637	209.0
100.184499504	235.0
100.234075302	210.0
100.28363882	203.0
100.333132746	241.0
100.382626672	234.0
100.432118551	231.0
100.482281784	194.0
100.532801163	207.0
100.583312354	219.0
100.633590208	269.0
100.684048182	219.0
100.734201181	244.0
100.784384882	239.0
100.834580864	239.0
100.884850532	229.0
100.934874582	199.0
100.984892491	225.0
101.034826482	219.0
101.084823923	217.0
101.134651479	226.0
101.184497457	202.0
101.234093723	204.0
101.283687943	249.0
101.333147074	222.0
101.382604157	214.0
101.432120598	219.0
101.482335001	236.0
101.532811397	220.0
101.583285745	235.0
101.633612723	205.0
101.683958122	257.0
101.73413773	243.0
101.784374648	199.0
101.834535835	191.0
101.884795268	227.0
101.934839786	222.0
101.98488021	223.0
102.034873558	221.0
102.084795268	242.0
102.134686275	223.0
102.184505644	231.0
102.234085536	239.0
102.283706365	216.0
102.333161401	257.0
102.382620532	209.0
102.432112411	240.0
102.482328861	202.0
102.53280935	249.0
102.583324634	211.0
102.633579974	222.0
102.683947888	232.0
102.734150011	234.0
102.784337806	227.0
102.834494898	231.0
102.884723629	230.0
102.934790662	249.0
102.984851555	261.0
103.034744609	234.0
103.084721583	228.0
103.134481594	249.0
103.184315291	260.0
103.233934072	257.0
103.283511918	247.0
103.332923971	235.0
103.382370821	273.0
103.431850419	262.0
103.482056635	247.0
103.532551452	250.0
103.583023753	273.0
103.633268859	244.0
103.68359993	244.0
103.733783632	254.0
103.783903882	253.0
103.834022085	237.0
103.884248769	264.0
103.93427896	260.0
103.984249793	250.0
104.034187877	249.0
104.084085025	226.0
104.13385527	255.0
104.18369306	285.0
104.233260672	251.0
104.282793487	229.0
104.332170745	253.0
104.381638062	270.0
104.431181112	261.0
104.481342298	267.0
104.531818694	247.0
104.582221403	257.0
104.632491071	228.0
104.6828815	224.0
104.733026312	246.0
104.783232528	258.0
104.833414182	227.0
104.883685896	247.0
104.933693572	219.0
104.983801541	229.0
105.033723251	252.0
105.083706365	242.0
105.133605559	249.0
105.183469958	222.0
105.233111254	221.0
105.282744364	218.0
105.332236243	214.0
105.381719935	213.0
105.43129164	211.0
105.481645226	217.0
105.532160511	223.0
105.582669655	260.0
105.633082599	225.0
105.683522152	246.0
105.733771351	214.0
105.784036924	206.0
105.834218579	220.0
105.884516902	212.0
105.934547092	225.0
105.984646874	227.0
106.034627941	191.0
106.084668366	211.0
106.134588028	200.0
106.184446287	217.0
106.234085536	208.0
106.283737067	220.0
106.333212572	207.0
106.382686029	202.0
106.432243407	207.0
106.482494653	216.0
106.533040639	190.0
106.583560018	235.0
106.633929979	206.0
106.68431222	206.0
106.734555279	198.0
106.784804478	198.0
106.834986133	196.0
106.885282409	195.0
106.935310552	219.0
106.985367351	205.0
107.035319763	191.0
107.08530083	204.0
107.135200025	225.0
107.185005066	192.0
107.234591098	198.0
107.284244676	176.0
107.3337079	211.0
107.383179311	216.0
107.432663003	207.0
107.482891734	218.0
107.533372223	198.0
107.583920256	214.0
107.634218579	206.0
107.684578306	197.0
107.734807037	202.0
107.784982551	198.0
107.83523175	195.0
107.885474809	189.0
107.935504999	203.0
107.985516768	189.0
108.035524444	240.0
108.085515745	187.0
108.135298271	179.0
108.185144249	196.0
108.23475075	188.0
108.284326548	174.0
108.333773398	192.0
108.383238668	202.0
108.43271622	217.0
108.482889687	205.0
108.533439767	191.0
108.583989848	204.0
108.634259515	222.0
108.684664272	193.0
108.734852067	195.0
108.785109453	212.0
108.835289061	205.0
108.885595571	177.0
108.935605293	221.0
108.985688701	194.0
109.035624738	208.0
109.085607852	207.0
109.135423127	198.0
109.185232262	219.0
109.234834669	207.0
109.284428889	206.0
109.3339003	189.0
109.383328728	202.0
109.432802186	213.0
109.483057526	198.0
109.533554389	195.0
109.584034878	213.0
109.634318873	193.0
109.684666319	177.0
109.734870488	190.0
109.785076704	172.0
109.835307482	198.0
109.885560775	212.0
109.935601199	194.0
109.985635484	205.0
110.035643159	175.0
110.085536213	191.0
110.135388331	197.0
110.185236355	211.0
110.234797826	187.0
110.284410467	171.0
110.333865504	199.0
110.383304166	196.0
110.432824701	187.0
110.483051385	200.0
110.533535968	187.0
110.584049205	178.0
110.634325013	174.0
110.684754332	178.0
110.73494008	162.0
110.785170858	205.0
110.835383214	173.0
110.88563446	184.0
110.935648276	197.0
110.985707122	171.0
111.035643159	185.0
111.085648788	173.0
111.135447689	192.0
111.185289573	199.0
111.234873558	190.0
111.284459591	190.0
111.333879832	165.0
111.383349196	163.0
111.432914761	187.0
111.483153726	178.0
111.533626027	181.0
111.584098329	192.0
111.63441712	180.0
111.684764566	180.0
111.734987156	169.0
111.785217934	184.0
111.835360699	177.0
111.885677443	199.0
111.9356974	175.0
111.985750105	218.0
112.035690236	190.0
112.085683584	202.0
112.135533655	186.0
112.185373492	209.0
112.234937009	195.0
112.284533276	173.0
112.333994453	203.0
112.383463818	181.0
112.432941369	193.0
112.483123024	210.0
112.533615793	196.0
112.584174061	197.0
112.63442326	204.0
112.684768659	207.0
112.734981016	203.0
112.78515653	182.0
112.835377074	188.0
112.885652881	211.0
112.935699446	183.0
112.98572145	201.0
113.035688189	223.0
113.085687677	191.0
113.135513187	185.0
113.1854001	197.0
113.23499432	218.0
113.284529182	205.0
113.333965798	184.0
113.383461771	206.0
113.432955697	190.0
113.48316396	209.0
113.533703806	211.0
113.584217044	222.0
113.634486711	217.0
113.684895561	215.0
113.735040373	226.0
113.785260917	201.0
113.835428244	205.0
113.885755222	198.0
113.935758804	201.0
113.985856539	200.0
114.035790529	210.0
114.085790018	223.0
114.135691259	207.0
114.185488113	210.0
114.235094614	225.0
114.284707255	207.0
114.334156151	190.0
114.383588673	201.0
114.433055991	234.0
114.483303143	199.0
114.533720181	214.0
114.584268214	194.0
114.634576771	199.0
114.684893515	204.0
114.735099731	188.0
114.785279338	198.0
114.835516257	181.0
114.88576955	206.0
114.935869332	181.0
114.985887241	173.0
115.035903104	176.0
115.085839141	196.0
115.13570354	170.0
115.185557705	174.0
115.235119176	201.0
115.284711349	196.0
115.334156151	193.0
115.38364189	179.0
115.433150144	193.0
115.483329751	179.0
115.533818427	191.0
115.584345993	191.0
115.634576771	184.0
115.684969247	196.0
115.735161135	191.0
115.785402147	172.0
115.835585848	184.0
115.88586575	149.0
115.935916408	188.0
115.98601619	162.0
116.035933806	169.0
116.085933294	166.0
116.135736289	159.0
116.185598641	191.0
116.235262452	165.0
116.284854625	162.0
116.334281007	194.0
116.383719669	158.0
116.433289327	186.0
116.483507824	179.0
116.534051764	164.0
116.584497457	173.0
116.634793733	164.0
116.685171881	154.0
116.735384238	169.0
116.785604781	199.0
116.835765968	178.0
116.88605815	176.0
116.936080153	191.0
116.986167654	160.0
117.036120066	140.0
117.086107273	170.0
117.13594711	185.0
117.185760339	162.0
117.23537912	159.0
117.284991762	160.0
117.334414049	164.0
117.38388546	154.0
117.433356872	175.0
117.483612211	146.0
117.534072232	186.0
117.584577282	161.0
117.634797826	186.0
117.685212817	190.0
117.735412893	168.0
117.785604781	164.0
117.835800763	161.0
117.886023354	158.0
117.936102668	176.0
117.986169701	151.0
118.036146674	195.0
118.086131835	180.0
118.135961438	169.0
118.185854492	178.0
118.235456899	164.0
118.285028604	191.0
118.334469313	178.0
118.383914116	174.0
118.433430557	175.0
118.483626539	193.0
118.534141824	201.0
118.584620265	179.0
118.634896073	163.0
118.685286502	166.0
118.73545997	169.0
118.785719403	180.0
118.835872402	202.0
118.88615435	169.0
118.93617226	169.0
118.986255667	180.0
119.036185564	185.0
119.086219848	176.0
119.136080153	193.0
119.185899522	203.0
119.235522397	166.0
119.285180068	158.0
119.334620777	185.0
119.384061486	191.0
119.433553365	186.0
119.483761628	184.0
119.534252351	177.0
119.584755355	156.0
119.635037303	179.0
119.685372468	188.0
119.735640089	182.0
119.785831977	162.0
119.836032053	171.0
119.886297627	159.0
119.936360566	165.0
119.986407131	148.0
